0.000648767	-0.000128849	-1	0.199831
0.000285117	-0.000357466	-1	0.199846
-0.000227635	-1.1755e-05	-1	0.200023
0.00329454	0.000796685	-0.999994	0.19983
-0.0015675	0.00024601	-0.999999	0.199945
-0.000394348	-0.000816193	-1	0.200141
0.00354189	0.000487939	-0.999994	0.199927
0.000775631	-0.00111745	-0.999999	0.199825
0.00163855	0.000581277	-0.999998	0.199515
-0.00535339	0.0101756	-0.999934	0.197805
0.000448153	-0.00101229	-0.999999	0.200008
0.00287975	0.00181235	-0.999994	0.199271
-0.0010458	0.000199364	-0.999999	0.199846
0.00645756	-0.000203181	-0.999979	0.19948
0.00183426	-0.000127752	-0.999998	0.199837
0.00197149	-0.000679164	-0.999998	0.200081
0.00125761	-0.000796946	-0.999999	0.199829
0.00196129	0.00230174	-0.999995	0.200445
0.00418176	-0.000867588	-0.999991	0.199546
0.00199158	0.00109075	-0.999997	0.200033
0.00312855	-0.00134491	-0.999994	0.199643
0.00269104	0.000215621	-0.999996	0.200011
0.000806604	-0.000349456	-1	0.199641
0.00309052	0.000238124	-0.999995	0.199786
-0.00144868	-0.00366708	-0.999992	0.199558
0.00132932	-0.000592718	-0.999999	0.200051
0.00627188	0.00558275	-0.999965	0.200328
-9.97191e-05	-0.000218435	-1	0.199878
0.999972	-0.000921115	-0.00748394	0.299825
0.00307079	-0.00109511	-0.999995	0.199719
-0.000204076	-0.00049609	-1	0.199765
0.00277497	-6.95014e-05	-0.999996	0.19992
0.000589268	-0.00111134	-0.999999	0.199928
0.00237402	-0.00382301	-0.99999	0.200016
2.30296e-05	-0.000333747	-1	0.19981
0.00130159	0.000575515	-0.999999	0.200091
0.00210853	-0.00171383	-0.999996	0.199825
-0.00595194	0.00207459	-0.99998	0.19995
0.000542802	6.62321e-05	-1	0.200086
-0.000337295	-0.00130067	-0.999999	0.199759
0.00738075	0.00391887	-0.999965	0.198768
0.000323597	-0.00151496	-0.999999	0.199933
0.00231048	-0.000479598	-0.999997	0.199728
0.00071507	-0.00162619	-0.999998	0.199843
0.000380883	-1.6259e-05	-1	0.199969
1.88522e-05	-0.000237439	-1	0.199923
0.0014597	7.71572e-05	-0.999999	0.19978
-0.00017416	-0.00151582	-0.999999	0.200114
-0.0469688	0.0101953	-0.998844	0.196673
0.000332154	-0.000552705	-1	0.19993
0.00197465	0.000726235	-0.999998	0.199814
0.00128435	-0.00108255	-0.999999	0.200018
0.00141982	0.000178283	-0.999999	0.199976
0.00108176	-0.000905248	-0.999999	0.199793
-0.00295487	0.000814287	-0.999995	0.199961
0.00279133	-3.62547e-05	-0.999996	0.199699
0.000700875	-0.000107762	-1	0.199813
0.00430237	0.000863551	-0.99999	0.199583
0.00190593	-0.00103309	-0.999998	0.199621
0.00150099	-0.000944079	-0.999998	0.199829
0.00231406	-0.00172033	-0.999996	0.199768
0.00269664	0.000999307	-0.999996	0.200201
-0.00061683	-2.13053e-05	-1	0.200085
0.000594081	0.00340714	-0.999994	0.200847
0.00196116	4.17525e-05	-0.999998	0.199839
-0.00013451	-7.68581e-05	-1	0.199449
-0.00480107	0.00302416	-0.999984	0.19917
-0.00418713	0.00318693	-0.999986	0.199598
0.999999	-0.000458904	-0.00147564	0.299972
0.000297517	-0.000204931	-1	0.199836
0.00103137	0.00110091	-0.999999	0.200057
-0.000238434	-0.00135918	-0.999999	0.200054
-0.00490346	0.00062923	-0.999988	0.20055
0.000139338	0.00311695	-0.999995	0.199438
-0.000689825	-0.000109666	-1	0.200251
-0.00316782	0.00116095	-0.999994	0.200252
0.000774971	-0.00040535	-1	0.200111
-0.000160368	-0.000542151	-1	0.199966
-0.00170974	-0.000244933	-0.999999	0.200247
0.00123181	-0.000441863	-0.999999	0.200024
0.000906536	-0.000845859	-0.999999	0.199958
0.00106222	0.000322354	-0.999999	0.199766
0.0017944	-0.000245928	-0.999998	0.199755
7.07749e-05	0.000140074	-1	0.199985
0.0031846	-0.000153558	-0.999995	0.199602
0.00104586	-0.000716777	-0.999999	0.199969
0.00330758	-0.000541097	-0.999994	0.199926
0.000597737	-0.00166515	-0.999998	0.200049
0.00200684	-0.000729206	-0.999998	0.199807
0.00347743	0.00242382	-0.999991	0.19918
0.00108716	-0.000552918	-0.999999	0.19987
0.000783443	-0.00166261	-0.999998	0.199597
0.00111337	-0.000388833	-0.999999	0.199943
0.0208688	0.0124548	-0.999705	0.202485
0.000452749	-0.000347271	-1	0.199905
0.000708055	-0.000731373	-0.999999	0.200024
-0.00188077	-0.00255714	-0.999995	0.20015
0.00129195	-0.000314392	-0.999999	0.199767
0.000961256	-0.0019373	-0.999998	0.200052
0.00151345	-0.000564484	-0.999999	0.199935
-0.000140951	0.00311223	-0.999995	0.19917
0.999982	0.00170396	-0.00573899	0.299444
0.00130213	0.00497695	-0.999987	0.199795
0.000332115	-0.00131923	-0.999999	0.200022
0.00182238	-0.000937535	-0.999998	0.199844
0.000350166	-0.00168807	-0.999999	0.199866
0.0029618	-0.00168218	-0.999994	0.199927
-0.000692188	0.000275342	-1	0.199874
0.000928179	-0.000726938	-0.999999	0.19994
-0.00192348	-0.00257764	-0.999995	0.199726
-0.000529107	-0.000613028	-1	0.199713
-0.000200521	-0.00152019	-0.999999	0.199793
-0.00325294	0.00133072	-0.999994	0.200004
0.000832348	0.000649479	-0.999999	0.199844
0.00169405	-0.000879202	-0.999998	0.199963
0.000794494	-0.000409067	-1	0.199834
0.00130363	-0.000810726	-0.999999	0.200132
0.000654315	-1.64509e-05	-1	0.199895
0.00027325	-0.00123477	-0.999999	0.200091
-0.000879379	-0.000313745	-1	0.199983
0.00140324	-0.00134574	-0.999998	0.200072
0.0010465	0.000112382	-0.999999	0.199788
0.00189089	-0.0012853	-0.999997	0.199782
0.000956865	0.00151323	-0.999998	0.199563
0.000617606	-5.14801e-05	-1	0.199735
0.000190576	-0.00098072	-1	0.199872
0.00640156	0.00437933	-0.99997	0.199504
0.000987983	-0.000235669	-0.999999	0.200072
0.00326444	0.000467573	-0.999995	0.199802
0.00064446	-6.81839e-05	-1	0.199894
0.00210476	0.000937032	-0.999997	0.199844
-0.00157983	0.00107558	-0.999998	0.199547
-1.01528e-05	-0.00050965	-1	0.199823
0.000566004	-0.000625828	-1	0.199917
-0.00312002	-0.000290509	-0.999995	0.199787
0.00228485	-0.000137157	-0.999997	0.200037
0.000830554	-0.000582103	-0.999999	0.199964
0.00166876	0.00112627	-0.999998	0.19963
0.000759287	-0.000810565	-0.999999	0.199949
-0.000533166	-0.00218063	-0.999997	0.1998
-7.6036e-05	-0.00055758	-1	0.199909
0.0013425	-0.00143554	-0.999998	0.200133
0.000612397	-0.000278628	-1	0.199755
0.00147277	-0.000668967	-0.999999	0.200034
0.000488458	0.00151294	-0.999999	0.199919
-0.000215722	-0.000633974	-1	0.199924
-0.0036643	0.00161218	-0.999992	0.199236
0.00653688	-0.00234019	-0.999976	0.19913
7.2218e-05	-0.000455751	-1	0.199909
-0.00301574	0.000656671	-0.999995	0.199765
0.00383563	0.000808097	-0.999992	0.20032
0.000523257	-0.000412082	-1	0.199903
0.00131263	-0.000510054	-0.999999	0.199779
0.000582705	-0.00152929	-0.999999	0.200057
-0.000350502	0.000680481	-1	0.199874
0.00854128	0.999936	-0.00745016	0.399236
-0.00426889	0.00141268	-0.99999	0.20002
0.00289421	0.00157725	-0.999995	0.199768
-0.00131272	-0.00138401	-0.999998	0.199916
-0.00158566	-0.000563674	-0.999999	0.199707
0.00152267	-0.000171458	-0.999999	0.199722
-0.00126757	-0.000978364	-0.999999	0.199812
-0.00131433	-0.00351568	-0.999993	0.19952
0.0023448	-0.000205338	-0.999997	0.199416
0.00416112	0.00157542	-0.99999	0.200028
-0.000488055	-0.000181775	-1	0.200074
0.00174598	-0.0038515	-0.999991	0.199526
-0.000226709	-0.00125836	-0.999999	0.200154
0.00155885	0.00204268	-0.999997	0.199754
0.000523599	-0.00045075	-1	0.199869
-0.00159574	0.0005681	-0.999999	0.20008
-0.00124434	-0.00181298	-0.999998	0.200003
0.0024395	0.0004679	-0.999997	0.200047
-0.000310283	-0.00175237	-0.999998	0.1999
0.000745312	9.95393e-05	-1	0.199732
0.99998	-0.00159132	-0.0061187	0.299993
-0.0003104	-0.000187448	-1	0.199786
0.00816372	0.00582906	-0.99995	0.198413
-0.000420557	0.000448499	-1	0.200059
0.000799887	0.000997955	-0.999999	0.199892
0.00107839	-9.41332e-05	-0.999999	0.199842
0.00247202	-0.000541723	-0.999997	0.19979
-0.00350179	0.00266222	-0.99999	0.199782
0.0016928	-0.000289863	-0.999999	0.199688
-0.000202847	-0.00120065	-0.999999	0.200074
0.000345502	-0.000362359	-1	0.199816
0.0059342	-0.001147	-0.999982	0.199287
-0.000453319	-0.000536761	-1	0.200054
-0.00156913	0.000261267	-0.999999	0.200263
-0.00335687	0.000202792	-0.999994	0.200399
-0.000453709	-0.00184346	-0.999998	0.200212
-0.00031164	0.000252556	-1	0.200085
0.00637091	-0.00817762	-0.999946	0.197844
0.00165766	-0.000657459	-0.999998	0.200038
-0.00105853	0.00111934	-0.999999	0.199944
0.00683761	0.00203527	-0.999975	0.199141
-0.0058399	0.00012836	-0.999983	0.199725
-0.000382492	0.000788391	-1	0.199721
0.999999	-0.00128153	4.57653e-05	0.30016
0.00225247	0.000913677	-0.999997	0.199922
0.00172535	-0.00104275	-0.999998	0.199952
0.000657481	0.00109372	-0.999999	0.199614
0.00163721	-0.00221436	-0.999996	0.199804
0.00142197	6.37385e-05	-0.999999	0.199581
-0.00392342	0.00146617	-0.999991	0.199649
0.00247623	0.000824233	-0.999997	0.199947
-0.00801979	-0.00355551	-0.999962	0.1991
0.00230955	-0.000229084	-0.999997	0.199785
0.00566385	0.00665783	-0.999962	0.199362
0.00595042	0.000642945	-0.999982	0.199224
-0.000714587	-0.000110139	-1	0.200017
0.000605211	-0.000697413	-1	0.199914
-4.16785e-05	0.000951429	-1	0.199936
0.00196969	4.93566e-05	-0.999998	0.199931
0.000463234	-0.00072359	-1	0.199881
0.00117361	-0.000864234	-0.999999	0.200006
0.00274654	0.000998121	-0.999996	0.199857
0.00114716	-0.000360464	-0.999999	0.19978
0.00332914	0.000197401	-0.999994	0.199629
0.00035471	-0.000249813	-1	0.199826
-0.000628041	2.57942e-05	-1	0.199932
-0.000217505	-9.35472e-05	-1	0.199851
-0.000177387	0.000294528	-1	0.199751
0.000769483	-0.000705801	-0.999999	0.200102
-0.000432801	-0.000772739	-1	0.200087
0.000222561	-0.000653125	-1	0.19971
1.12533e-05	-0.00165246	-0.999999	0.200131
0.000389907	-0.000315005	-1	0.199967
-0.000213246	-0.000175014	-1	0.199891
-0.000723837	-0.00131984	-0.999999	0.199796
0.00231436	-9.92656e-05	-0.999997	0.199711
0.000708738	0.000445454	-1	0.199807
-0.000203397	-0.000837744	-1	0.200195
0.999994	0.000780612	-0.00325734	0.30003
-0.000754968	-0.0003739	-1	0.199897
-0.00200814	0.000972872	-0.999998	0.199856
0.999981	-0.00232854	-0.00575818	0.300083
0.00163151	-0.000404918	-0.999999	0.199709
-0.000726661	-0.000227617	-1	0.199762
0.000981916	-0.000465385	-0.999999	0.199872
0.000613188	-0.000678043	-1	0.199902
0.00150604	0.00152739	-0.999998	0.199673
-3.25331e-05	-0.000773526	-1	0.199769
0.00382074	0.0055349	-0.999977	0.198648
0.000440961	-0.00120712	-0.999999	0.199858
0.00237893	0.00100528	-0.999997	0.199855
-0.00305411	-0.00198105	-0.999993	0.200184
0.000588095	-0.00139306	-0.999999	0.199839
0.00158143	-0.00228261	-0.999996	0.199923
0.000748092	-0.000269616	-1	0.199831
0.000751129	-0.00123945	-0.999999	0.199968
-1.75354e-05	-0.00122871	-0.999999	0.200174
0.00036336	-3.49403e-05	-1	0.199933
-0.000753111	-0.00159079	-0.999998	0.20024
0.999978	0.00146662	-0.0064671	0.299487
0.00120858	-0.00192246	-0.999997	0.199747
0.000354573	-0.00217052	-0.999998	0.199887
0.00403127	0.00204589	-0.99999	0.200283
0.00103862	-0.00166523	-0.999998	0.19978
0.000836007	-0.0014443	-0.999999	0.199804
0.000419727	-0.000336326	-1	0.199969
0.000406905	-0.000251529	-1	0.199837
0.00157625	-0.000474663	-0.999999	0.199605
-8.05419e-05	-0.000740027	-1	0.200212
-6.82252e-05	-0.00141674	-0.999999	0.200011
-0.000134723	1.76252e-05	-1	0.200011
0.000174386	-0.000980987	-1	0.200186
-0.000358486	-0.000790031	-1	0.199784
0.00110436	-0.000385827	-0.999999	0.199999
0.00181603	0.000170689	-0.999998	0.199732
0.00220144	0.000315204	-0.999998	0.199664
0.000504676	0.000213759	-1	0.200037
-0.000605566	-0.000762921	-1	0.19983
0.00238175	-0.00118677	-0.999996	0.199827
0.000582067	-0.000737979	-1	0.199858
0.00042776	-0.00515111	-0.999987	0.200348
0.000153419	-0.000180235	-1	0.199938
-0.00314074	0.00196308	-0.999993	0.200445
-0.00149417	0.000304819	-0.999999	0.199857
0.000544488	9.23539e-05	-1	0.199873
-0.000326247	-0.0019815	-0.999998	0.200019
0.00238122	0.000297164	-0.999997	0.199738
-0.00356271	-0.00163043	-0.999992	0.199049
0.000870928	0.00162804	-0.999998	0.199962
0.00131419	-6.23839e-05	-0.999999	0.199887
0.000360752	-0.000878765	-1	0.199666
-0.00588936	0.0006836	-0.999982	0.19883
-0.00129416	-0.00139631	-0.999998	0.200145
0.00318543	0.00102929	-0.999994	0.199801
0.000500737	0.000288385	-1	0.200001
0.00174187	-0.000810364	-0.999998	0.199865
0.00439404	-0.00161466	-0.999989	0.199664
-0.00131035	-0.00137482	-0.999998	0.199974
0.000343316	0.000535227	-1	0.199798
0.00305366	-0.00273737	-0.999992	0.199676
-0.000153986	-0.0014152	-0.999999	0.200036
0.000582577	0.000267345	-1	0.199702
0.000954077	-0.0022171	-0.999997	0.199665
0.000218349	-0.000491796	-1	0.199821
0.00128338	-0.000249642	-0.999999	0.19971
0.00287097	-0.0023608	-0.999993	0.199997
0.00120048	-0.000963287	-0.999999	0.200069
0.00594141	0.00236484	-0.99998	0.199098
0.000553599	-0.00094284	-0.999999	0.199931
-0.000175609	0.00280799	-0.999996	0.199342
0.00311998	-0.000619475	-0.999995	0.199862
0.00112126	0.000187488	-0.999999	0.199852
0.00453878	-0.00285642	-0.999986	0.199976
-0.000585539	-0.000559279	-1	0.199999
0.000679761	0.000492868	-1	0.199954
0.000885281	-0.00043431	-1	0.199874
0.00183519	0.999996	-0.00218359	0.399503
0.0015109	-0.000157397	-0.999999	0.199773
0.000691571	-0.00103181	-0.999999	0.199927
0.00178346	0.000447867	-0.999998	0.199755
0.000416527	0.00108062	-0.999999	0.199497
-2.06339e-05	-0.000404374	-1	0.199905
0.00129546	-0.00146641	-0.999998	0.199738
0.000992552	0.000331945	-0.999999	0.19985
0.000747039	-0.000293235	-1	0.200082
0.000597163	-0.00029519	-1	0.199866
0.0108874	0.00539415	-0.999926	0.199626
0.000764841	0.00080465	-0.999999	0.200069
0.00123336	-0.00101428	-0.999999	0.199918
-0.00180446	0.00372037	-0.999991	0.199311
4.93448e-06	-0.000969367	-1	0.20001
0.00337112	0.00193919	-0.999992	0.199766
-0.000347614	-0.000717214	-1	0.199811
-0.00091229	0.000732521	-0.999999	0.199861
0.00046775	7.3896e-05	-1	0.199896
-0.000827169	0.00104518	-0.999999	0.19996
-0.000590316	-0.000358056	-1	0.199925
0.000416117	-0.00110158	-0.999999	0.200119
0.0011253	-0.00132808	-0.999998	0.19988
1.82937e-07	0.000385711	-1	0.199778
0.0036188	0.000231951	-0.999993	0.199769
0.000557722	-0.000315628	-1	0.199898
0.00883734	0.0239332	-0.999674	0.195211
0.00128683	-0.000542021	-0.999999	0.199946
0.000452696	0.00102914	-0.999999	0.199522
0.00167764	-0.00151607	-0.999997	0.199698
0.000607619	0.000622667	-1	0.200191
0.00146309	-0.000799449	-0.999999	0.199869
-8.80103e-06	-0.000155947	-1	0.199633
0.000976402	-0.000688342	-0.999999	0.199981
-3.89738e-05	0.0007938	-1	0.199781
0.000294612	9.60492e-05	-1	0.1994
0.00174002	-0.000326428	-0.999998	0.199697
0.00034984	-0.000447815	-1	0.199895
0.00272388	-0.0006139	-0.999996	0.200158
-0.0028749	5.17854e-05	-0.999996	0.199874
0.00280233	0.00160619	-0.999995	0.199812
0.00596419	-0.00046468	-0.999982	0.198983
0.000951336	-0.000791654	-0.999999	0.199892
0.00128773	0.000914589	-0.999999	0.199547
-0.00230755	0.000387923	-0.999997	0.200158
-1.91303e-05	-6.72647e-05	-1	0.199485
0.00190328	-0.00277559	-0.999994	0.199848
0.999995	-0.000683716	-0.00312547	0.299632
0.00124951	-0.000573479	-0.999999	0.199942
-0.000697031	-0.000709155	-1	0.200034
0.0036517	-0.00203937	-0.999991	0.199472
0.00701616	-0.00432964	-0.999966	0.198858
0.000288493	-0.000410997	-1	0.200016
0.00729164	0.00418401	-0.999965	0.199237
0.0010065	4.99127e-05	-0.999999	0.199858
0.999994	-0.000289293	-0.00350635	0.300112
-0.000945755	-0.0013654	-0.999999	0.199836
0.00214732	0.000569847	-0.999998	0.200313
0.00104215	2.21881e-05	-0.999999	0.199832
-0.000250301	-0.000217724	-1	0.200044
0.00420863	-0.00181288	-0.99999	0.199996
0.0101977	0.00318639	-0.999943	0.199845
0.00040323	0.000479532	-1	0.20001
-0.00141359	5.34607e-05	-0.999999	0.200096
-0.000778085	0.000298284	-1	0.199748
0.00213672	0.00139567	-0.999997	0.199891
0.00100199	-0.000762134	-0.999999	0.199968
0.00108423	0.000138408	-0.999999	0.199812
-0.00132697	-0.000368667	-0.999999	0.199684
0.000994266	-0.000207899	-0.999999	0.199812
0.000319675	-0.000458312	-1	0.199963
0.000658459	-0.000418735	-1	0.199863
-0.001314	-0.00239232	-0.999996	0.2003
-0.00250948	0.000861967	-0.999996	0.199762
0.00077026	-0.000375746	-1	0.199942
0.00318619	-5.77605e-05	-0.999995	0.199704
0.00143041	0.00182867	-0.999997	0.199698
-0.000755123	-0.000756756	-0.999999	0.199981
0.00233141	0.000742447	-0.999997	0.199593
0.000928409	-0.000197909	-1	0.199833
-0.00109108	0.000256912	-0.999999	0.200015
0.000351736	-0.00101367	-0.999999	0.199933
0.00177018	-0.000419224	-0.999998	0.199864
0.00349543	0.000743558	-0.999994	0.199871
-0.000462445	0.00431941	-0.999991	0.199381
-0.00134532	0.001097	-0.999998	0.200076
0.00204013	0.00044379	-0.999998	0.199961
0.00427179	0.00160512	-0.99999	0.200203
-0.00165497	0.000916522	-0.999998	0.19989
0.00346203	0.00113684	-0.999993	0.199758
-0.000336995	-0.00046707	-1	0.19984
0.00326081	-0.00115477	-0.999994	0.199238
0.00266869	-0.00455436	-0.999986	0.198942
0.000648133	-2.77184e-05	-1	0.199785
-0.000101229	-0.000636788	-1	0.199902
-0.00454332	0.00153014	-0.999989	0.199656
0.000155873	-0.00042985	-1	0.19994
0.00266602	0.0001454	-0.999996	0.1997
-0.000619829	-0.000955237	-0.999999	0.200126
0.00055138	-0.000222487	-1	0.199836
0.00132774	-1.42517e-05	-0.999999	0.200076
4.47011e-05	-0.000444963	-1	0.199801
0.000475748	-0.00087266	-1	0.199769
-3.36529e-05	-0.00143258	-0.999999	0.199806
0.00363967	0.00111184	-0.999993	0.199796
0.000806034	-0.000620507	-0.999999	0.200013
-0.000968384	0.000494433	-0.999999	0.199862
0.00154462	-5.34389e-05	-0.999999	0.199761
-0.00119078	9.96026e-05	-0.999999	0.199922
0.00149634	-0.000801372	-0.999999	0.199937
0.000537444	-0.000515801	-1	0.19993
0.000927768	-9.25723e-05	-1	0.199825
0.00617472	-0.000872743	-0.999981	0.199349
1.75444e-06	-0.00123746	-0.999999	0.199882
0.00074415	0.00510847	-0.999987	0.200826
0.00720662	-0.00271777	-0.99997	0.199189
2.84091e-05	-8.85773e-05	-1	0.199871
0.00263769	-0.00137861	-0.999996	0.19991
2.65244e-08	0.00216948	-0.999998	0.200315
-0.0011899	-0.000880125	-0.999999	0.199849
0.00442578	0.000820747	-0.99999	0.200513
7.77509e-05	0.000174026	-1	0.199992
0.00071063	-0.00150254	-0.999999	0.200122
-0.00734823	0.00318183	-0.999968	0.19827
-0.00313775	0.000952557	-0.999995	0.200162
0.000592119	-0.00105335	-0.999999	0.199976
0.0057011	0.00344379	-0.999978	0.199867
0.000157712	-0.00079606	-1	0.200016
0.000729611	-0.000721174	-0.999999	0.200042
0.000686983	-0.000261929	-1	0.199888
0.000579312	-0.0005894	-1	0.199894
0.00105387	-0.00177423	-0.999998	0.199607
-0.00100882	-0.0012634	-0.999999	0.199888
0.000755369	-0.000974069	-0.999999	0.199885
0.00085968	-0.000560109	-0.999999	0.199812
-0.00123638	-0.000602519	-0.999999	0.199679
0.00240788	0.000887417	-0.999997	0.199522
0.0136633	0.0044042	-0.999897	0.198804
-0.000401572	0.000202598	-1	0.1994
0.00108537	-0.00220267	-0.999997	0.20042
-0.00109162	0.000651648	-0.999999	0.199918
0.00125725	0.000284684	-0.999999	0.19989
1	-0.000202386	-0.00018316	0.299749
0.00207125	0.000363901	-0.999998	0.199624
0.0091621	0.0047474	-0.999947	0.199385
0.00121272	0.00183876	-0.999998	0.199785
-0.000397798	-0.000545558	-1	0.199875
0.00167813	-0.00128845	-0.999998	0.199747
0.000669633	-0.000650683	-1	0.200088
0.000346786	-0.000439247	-1	0.199786
0.00562589	-0.000321524	-0.999984	0.200232
-0.00042408	-0.00175126	-0.999998	0.20001
-0.00050788	-0.000906007	-0.999999	0.200078
0.00187184	-0.000498237	-0.999998	0.199745
0.000244213	-0.000910021	-1	0.199713
0.000690729	-0.00105309	-0.999999	0.200035
-0.000321336	-0.000699966	-1	0.199837
0.00144163	0.000454113	-0.999999	0.200181
0.00153069	0.00088866	-0.999998	0.199949
0.000270425	-0.00203801	-0.999998	0.200006
0.00154433	0.000720336	-0.999999	0.199686
0.00156864	-0.000933658	-0.999998	0.199856
-0.000714299	-0.000809018	-0.999999	0.199756
0.00211661	0.00285763	-0.999994	0.199795
-0.00146061	-0.00118944	-0.999998	0.19959
0.0004603	-0.00211636	-0.999998	0.200073
-0.00338324	-0.000618246	-0.999994	0.199876
-0.000262956	-0.000491291	-1	0.199854
0.00335797	-0.00203953	-0.999992	0.200213
0.000346304	-0.000961449	-0.999999	0.200027
0.00182386	-0.000704996	-0.999998	0.200001
0.000171208	0.000440117	-1	0.199736
-0.00122475	0.00108551	-0.999999	0.199874
0.000848948	-0.000288375	-1	0.199827
0.00144591	-0.000127813	-0.999999	0.199858
-0.0026735	-0.00060682	-0.999996	0.199926
0.00254626	4.27843e-05	-0.999997	0.199569
0.0030834	0.000942299	-0.999995	0.199811
-0.0050862	-0.00157783	-0.999986	0.199929
-0.000404576	-4.52352e-05	-1	0.199966
0.00386043	0.0026046	-0.999989	0.200053
6.43535e-05	0.000120636	-1	0.199979
0.000160024	0.000335831	-1	0.199735
0.000385493	-0.000439534	-1	0.199807
0.00124572	-0.00103327	-0.999999	0.199633
0.00225719	0.000924073	-0.999997	0.199735
0.000740976	0.000487288	-1	0.199726
0.00134996	-0.000444625	-0.999999	0.199794
0.00127963	-0.00183012	-0.999998	0.200102
0.00200854	-8.18984e-05	-0.999998	0.199799
0.00653275	0.999978	0.000709777	0.398909
-5.4351e-05	-0.00112956	-0.999999	0.199797
0.00104489	-0.000532597	-0.999999	0.199895
0.000108221	-0.000256486	-1	0.199952
0.000843122	-0.000406404	-1	0.19969
0.00231872	-0.000583849	-0.999997	0.199783
0.00042056	-0.000725313	-1	0.199913
-0.00242966	0.00211393	-0.999995	0.199537
0.000123416	0.000115105	-1	0.20003
-0.000858898	-0.000925683	-0.999999	0.199851
0.000851346	-0.00110842	-0.999999	0.200081
0.000386511	-3.27966e-05	-1	0.199929
0.00141203	0.00105548	-0.999998	0.199628
0.00221489	-0.00122732	-0.999997	0.200117
0.00198857	-0.00217057	-0.999996	0.199681
0.000919555	0.000159141	-1	0.199823
0.00171651	-0.00109947	-0.999998	0.200097
-0.000908476	-0.00154834	-0.999998	0.199622
-0.000163181	0.00063887	-1	0.199807
0.000485434	0.000800818	-1	0.199646
-0.000928877	0.00115308	-0.999999	0.199802
0.00444809	-0.00191984	-0.999988	0.199785
0.00039037	-0.0010972	-0.999999	0.200028
-0.000782985	-0.0008701	-0.999999	0.199982
-0.00558249	-0.00336627	-0.999979	0.199243
0.00061013	-0.000946168	-0.999999	0.19983
0.00193801	-0.00252969	-0.999995	0.199897
0.000730539	-0.000913746	-0.999999	0.199881
-0.000331089	2.62832e-05	-1	0.199853
0.0011033	0.000121154	-0.999999	0.199698
0.000582533	-0.000118383	-1	0.199653
0.0213415	0.012773	-0.999691	0.199114
0.00153047	-0.0010368	-0.999998	0.199584
0.000852592	-0.000809182	-0.999999	0.199969
5.41085e-05	-0.00126673	-0.999999	0.199897
0.00125443	-0.000905245	-0.999999	0.199983
0.000220596	-0.000703996	-1	0.200029
0.00142139	0.000387372	-0.999999	0.199921
0.000514585	-0.000432482	-1	0.199862
0.000507782	-0.000154908	-1	0.199965
0.000707275	-0.000262827	-1	0.199871
0.00121628	3.78526e-05	-0.999999	0.199806
-0.00133427	0.000477294	-0.999999	0.199716
0.999982	-0.00260551	-0.0053247	0.299453
-0.00280175	0.00169591	-0.999995	0.198917
8.5841e-05	-0.000830572	-1	0.199673
0.00133989	0.000697805	-0.999999	0.199873
0.000156539	0.000579131	-1	0.199909
-0.000354617	0.000202906	-1	0.199794
0.00182238	-0.000937535	-0.999998	0.199844
0.00197253	0.00046493	-0.999998	0.200025
0.000191152	-0.00194923	-0.999998	0.2
0.00345948	-6.79387e-05	-0.999994	0.199778
0.00170057	0.000512203	-0.999998	0.199838
-0.00245835	-0.000298733	-0.999997	0.199629
-0.000952522	-0.000201499	-1	0.200092
-4.76444e-05	-0.000695498	-1	0.199754
0.00136794	0.000244309	-0.999999	0.199907
0.000585126	-0.000898823	-0.999999	0.199994
0.00585288	0.00116338	-0.999982	0.199343
-0.000359556	-0.000272813	-1	0.199971
-2.34636e-05	-0.000835836	-1	0.199982
-0.00119489	-0.00157388	-0.999998	0.199952
-0.00207292	0.000377886	-0.999998	0.199787
0.00262247	0.000467907	-0.999996	0.199997
0.00177198	-0.000169028	-0.999998	0.200042
0.000931631	-0.0010825	-0.999999	0.199884
0.00107598	-0.000754573	-0.999999	0.199879
-0.000332497	0.0003319	-1	0.20002
0.00522773	-0.000913317	-0.999986	0.200057
-0.000759657	-0.000275756	-1	0.199654
-0.000547492	0.000844237	-0.999999	0.200015
0.000199572	-0.000245511	-1	0.199942
-0.000648989	-0.000278186	-1	0.199997
0.999996	-0.00107538	-0.00249571	0.300356
0.00137092	-0.00015031	-0.999999	0.199784
-0.000632246	-0.000891351	-0.999999	0.199826
5.6695e-05	0.000192843	-1	0.199653
0.00126827	0.000139876	-0.999999	0.20011
0.00037391	-0.000638347	-1	0.199785
-2.90628e-05	-0.000754676	-1	0.199985
0.000520008	-0.000689778	-1	0.200078
-0.00274754	0.000289468	-0.999996	0.199401
-0.00138183	0.00387181	-0.999992	0.199402
6.24477e-05	-0.000251538	-1	0.199911
-0.0014581	0.00166067	-0.999998	0.199914
-0.00214727	-0.000572919	-0.999998	0.200126
0.00117134	-0.000723739	-0.999999	0.199761
0.00157416	-0.000620755	-0.999999	0.199979
-0.000138069	-0.000649582	-1	0.200219
0.00257054	0.000959713	-0.999996	0.199677
0.00302625	0.00418436	-0.999987	0.198924
0.00125775	0.000305636	-0.999999	0.199401
0.000996342	-0.00148264	-0.999998	0.199561
-0.00230997	0.00376655	-0.99999	0.199369
0.00125246	-0.000958189	-0.999999	0.199933
-0.000803324	9.37036e-05	-1	0.199843
0.00159783	-0.00126857	-0.999998	0.199799
0.000929618	-0.00014875	-1	0.199797
0.00129472	-0.000503348	-0.999999	0.200058
0.00326154	-0.00400123	-0.999987	0.199151
-0.000271225	-0.000483266	-1	0.199991
-0.00301119	-0.00214675	-0.999993	0.199894
0.00311136	0.00254256	-0.999992	0.200344
0.000692296	-0.000251072	-1	0.200153
0.0036365	-0.00303007	-0.999989	0.20027
0.00290874	-0.00121491	-0.999995	0.199631
0.000968022	0.000630503	-0.999999	0.199795
0.00119483	-0.000586234	-0.999999	0.199798
0.0162286	-0.0126309	-0.999789	0.199728
0.00225667	0.000299174	-0.999997	0.199669
0.00512056	0.000191458	-0.999987	0.199395
-0.000603736	-0.00213856	-0.999998	0.199858
0.00202516	-0.000205092	-0.999998	0.199734
0.00188428	-0.00148583	-0.999997	0.19993
0.00125144	0.000226125	-0.999999	0.1999
0.000541061	-0.000561695	-1	0.200033
-0.00094465	-0.00155602	-0.999998	0.199867
-0.000576864	0.000138482	-1	0.199775
0.00234699	-0.00220585	-0.999995	0.199817
0.00134512	-0.00073921	-0.999999	0.200011
0.000387767	0.000479205	-1	0.199734
0.00351724	-0.000946986	-0.999993	0.199904
0.00106664	-0.00307758	-0.999995	0.199964
-0.00243562	-0.000439153	-0.999997	0.200405
0.0101975	0.000825891	-0.999948	0.198538
-0.00346221	-0.000593108	-0.999994	0.199714
0.0136801	0.00711879	-0.999881	0.197857
0.00182263	-0.000163519	-0.999998	0.19982
0.00135669	0.00113165	-0.999998	0.200099
0.000295133	-0.00089558	-1	0.199908
-0.00311907	-0.00148484	-0.999994	0.200368
0.000122186	-0.000122562	-1	0.19984
-0.00412026	0.00157473	-0.99999	0.199793
0.000692416	5.3123e-05	-1	0.199921
0.000602372	-0.00033167	-1	0.199825
0.00324327	-0.00102077	-0.999994	0.199574
-8.75573e-05	-0.000470973	-1	0.199848
0.00158125	-0.00139762	-0.999998	0.200001
0.00701425	0.00176448	-0.999974	0.199703
0.000472013	-0.00043349	-1	0.19984
0.000181678	-0.000267955	-1	0.199946
0.00187191	-0.000127509	-0.999998	0.199646
0.000150538	0.000304735	-1	0.199944
0.000299527	-5.22623e-05	-1	0.199818
-0.00120924	0.000349224	-0.999999	0.19982
0.000761824	0.000190201	-1	0.199884
6.08411e-05	-0.00076174	-1	0.19983
0.000804982	-0.000858462	-0.999999	0.199981
-0.000952015	-0.000814068	-0.999999	0.19999
0.00265719	0.00171238	-0.999995	0.200032
0.00013258	-0.000231266	-1	0.199973
0.0029927	-0.000410194	-0.999995	0.20001
-2.64687e-05	-0.00111059	-0.999999	0.199868
0.000634695	-0.000243337	-1	0.199753
0.00184522	0.000795284	-0.999998	0.19981
0.00074444	-0.000612564	-1	0.200068
-7.09287e-05	-0.00117344	-0.999999	0.199886
-0.000255626	-0.00317584	-0.999995	0.199515
0.000507525	-0.000718786	-1	0.199873
-0.000510381	-0.000559241	-1	0.199981
0.00135872	0.000459927	-0.999999	0.199801
0.00250687	0.00160358	-0.999996	0.199704
0.000353235	0.000852774	-1	0.199604
0.0014043	-0.00018103	-0.999999	0.199722
0.001579	-0.000294774	-0.999999	0.200082
-0.000183214	-0.000279663	-1	0.199785
0.00110277	0.000458759	-0.999999	0.19987
-0.000271734	-0.000274586	-1	0.200018
-0.00106097	-0.00410483	-0.999991	0.199411
0.00253733	0.000966749	-0.999996	0.200266
0.000936955	-0.00174263	-0.999998	0.19982
-0.00137097	-0.0011272	-0.999998	0.200255
0.00019748	-0.000636961	-1	0.199725
0.00052589	-0.000254709	-1	0.199855
0.000948818	-5.46165e-05	-1	0.199978
0.000574217	1.50497e-05	-1	0.199702
0.000954047	2.73283e-06	-1	0.199972
0.999999	-0.000193205	-0.00142028	0.299978
0.00168537	-2.09629e-05	-0.999999	0.199809
0.00148241	-0.000285338	-0.999999	0.199793
0.000407637	-0.000205984	-1	0.199863
0.000620977	0.000199701	-1	0.19987
-0.000977397	-0.00117562	-0.999999	0.199939
-0.000409429	-0.00020153	-1	0.199834
0.000538274	-0.000369526	-1	0.19988
0.00268182	0.00281622	-0.999992	0.199393
4.2946e-05	-0.000743285	-1	0.200017
0.00182843	0.00102168	-0.999998	0.200001
-0.000312323	-0.000758573	-1	0.199979
0.00205303	-0.000398491	-0.999998	0.19971
0.00217396	-0.00182398	-0.999996	0.199606
-0.00344025	-0.0010087	-0.999994	0.199789
0.000918747	-0.00146169	-0.999999	0.199977
0.00136938	-0.000437615	-0.999999	0.199755
-0.000726914	-0.000839456	-0.999999	0.199945
0.00177998	-0.000255707	-0.999998	0.199661
0.000504097	-0.000379415	-1	0.199614
0.00130756	-0.00272181	-0.999995	0.200003
0.00387915	-0.00271666	-0.999989	0.200021
0.000980864	-0.000903031	-0.999999	0.199815
-0.0021177	-0.00013939	-0.999998	0.199687
0.00064143	-0.000254807	-1	0.199977
-0.000174728	-0.00132477	-0.999999	0.19986
0.00434517	-0.000300793	-0.999991	0.19951
-0.000723281	0.00135757	-0.999999	0.199657
0.00250108	0.00227441	-0.999994	0.200607
0.000185468	0.000383108	-1	0.199753
0.00122413	-0.00062468	-0.999999	0.199788
0.000296203	-0.00146066	-0.999999	0.200054
-0.00203317	-5.85122e-05	-0.999998	0.199762
0.0112195	0.00512594	-0.999924	0.199441
0.00163649	-0.0012465	-0.999998	0.199672
-0.00303915	0.00174457	-0.999994	0.200265
-0.00362519	0.00201037	-0.999991	0.200236
0.00440493	-0.00380863	-0.999983	0.201069
-0.000433881	-0.000301192	-1	0.199882
0.000355041	-0.000161568	-1	0.19994
-0.00281296	0.000485208	-0.999996	0.199862
0.00234186	8.18211e-05	-0.999997	0.199562
0.00241651	0.0020809	-0.999995	0.199519
0.000936733	-0.000425684	-0.999999	0.199977
-0.00106296	-0.00013942	-0.999999	0.199797
-0.0015702	-0.000337912	-0.999999	0.199862
0.00122269	-0.00139513	-0.999998	0.199945
0.00206924	0.00116357	-0.999997	0.200121
-7.30248e-06	-0.00145817	-0.999999	0.199811
0.000144959	-0.00103042	-0.999999	0.199815
0.000422932	-0.000486705	-1	0.199863
0.00142897	-0.00187127	-0.999997	0.200029
-0.000279317	-1.58697e-05	-1	0.199995
-0.000815366	-0.000957704	-0.999999	0.199937
0.00243743	0.000907433	-0.999997	0.199877
-0.000407948	-0.0013931	-0.999999	0.199861
-0.00324517	-0.00202241	-0.999993	0.200401
0.00095558	0.00164349	-0.999998	0.20007
0.00122295	0.000902923	-0.999999	0.1996
0.00153941	-0.000657132	-0.999999	0.20027
0.000999435	-0.000630764	-0.999999	0.199946
0.000532146	-0.00272213	-0.999996	0.199638
0.00222301	-0.00235818	-0.999995	0.199367
-0.000572817	-0.00190459	-0.999998	0.199927
-0.00352203	-0.00130098	-0.999993	0.199945
-0.000996395	-0.001636	-0.999998	0.200211
0.00499702	-0.00120148	-0.999987	0.19982
4.18556e-05	0.00205642	-0.999998	0.199824
0.000885641	-0.00253366	-0.999996	0.199428
0.0112372	-0.00021399	-0.999937	0.200813
0.999997	1.90851e-05	-0.00225191	0.300032
0.000773839	0.00047474	-1	0.199465
0.0011994	-0.00128879	-0.999998	0.199829
-0.00103371	-0.00156391	-0.999998	0.199871
0.000810158	-0.000208541	-1	0.199862
0.00138298	0.000575776	-0.999999	0.199938
0.999991	-0.00220789	-0.00372488	0.300062
0.000678973	-0.000448954	-1	0.199792
0.00130191	0.000930595	-0.999999	0.199946
0.00141473	0.00079269	-0.999999	0.199922
-0.00176117	-0.000666936	-0.999998	0.200219
0.00268564	-0.00115671	-0.999996	0.199561
-0.000602689	0.000454254	-1	0.19976
0.000808788	0.000337174	-1	0.199768
0.0010359	0.000511918	-0.999999	0.199841
0.00286515	0.99999	-0.00354318	0.399484
0.0035113	-0.00163464	-0.999992	0.199719
-0.00125391	0.999888	-0.0149291	0.39809
-0.000527348	-0.000463166	-1	0.200055
-2.86106e-05	-8.90513e-06	-1	0.199873
-0.000599875	-0.00121374	-0.999999	0.200111
0.000234514	-0.000245025	-1	0.199943
-0.000434781	-0.000816346	-1	0.199979
0.000550255	0.000108933	-1	0.199903
0.00210762	-0.00161789	-0.999996	0.199931
0.000976565	-0.000931111	-0.999999	0.200024
0.00282902	-0.00117413	-0.999995	0.199965
-0.000219312	-0.000485813	-1	0.199904
0.00128609	-0.00193235	-0.999997	0.199849
0.00328346	0.000331175	-0.999995	0.199627
0.000437198	0.00447014	-0.99999	0.200313
-0.000220513	0.000278727	-1	0.19961
0.000621357	-0.000690363	-1	0.19999
-0.000213588	-0.000218141	-1	0.199877
-0.000748073	-0.000580857	-1	0.200085
0.000220744	-0.00119703	-0.999999	0.199779
0.000985963	-0.00071306	-0.999999	0.200071
-0.000729545	-0.000567535	-1	0.199705
0.999999	-0.000703847	0.000850932	0.299935
0.00160624	0.000706656	-0.999998	0.19983
0.0200479	0.0107718	-0.999741	0.198335
0.000500654	-8.92316e-05	-1	0.199794
0.000296089	-0.0016399	-0.999999	0.200031
0.00128096	0.000377071	-0.999999	0.199655
-0.000140618	-0.000493339	-1	0.200089
0.00291311	-0.000945796	-0.999995	0.200343
0.999907	-0.00367907	-0.0131312	0.299226
0.00202602	-0.000437805	-0.999998	0.19988
0.999989	-0.000127401	-0.0047394	0.300266
0.00101609	-0.00154793	-0.999998	0.199983
-0.000983547	0.000744554	-0.999999	0.200167
0.000356331	-0.000737585	-1	0.199897
1.09928e-05	0.00126486	-0.999999	0.19985
0.000415205	-0.000623759	-1	0.19987
-0.00142601	-0.000634641	-0.999999	0.200374
7.19208e-05	-0.00181933	-0.999998	0.199978
-0.000710238	-0.000712305	-0.999999	0.200064
0.00133038	-0.00076362	-0.999999	0.199792
0.00185908	-0.000762194	-0.999998	0.200009
0.00170897	-0.00228753	-0.999996	0.199483
0.00133527	-0.000931772	-0.999999	0.199897
0.00233755	-0.000618876	-0.999997	0.199686
0.00123411	-0.00040208	-0.999999	0.200032
0.000492817	-0.000622814	-1	0.19991
0.00104581	-0.000783106	-0.999999	0.199857
-0.0017242	0.00104936	-0.999998	0.199852
-0.000273346	0.0034417	-0.999994	0.199054
-0.00048433	-0.00101582	-0.999999	0.200092
0.00104392	-0.000991019	-0.999999	0.200025
0.000703092	-0.000556556	-1	0.199897
0.00269257	0.00260563	-0.999993	0.199628
0.000501166	-0.000788477	-1	0.19974
0.00312562	0.000175692	-0.999995	0.199804
0.000980111	-0.00196746	-0.999998	0.199759
0.001173	-0.00126656	-0.999999	0.2001
6.96899e-05	-0.00293276	-0.999996	0.199856
0.000921922	-0.00104841	-0.999999	0.199981
0.00302828	-0.000513967	-0.999995	0.200236
0.00047892	0.00162135	-0.999999	0.200025
0.00129469	-0.00108595	-0.999999	0.199617
-0.000266945	0.000580551	-1	0.199752
0.00295788	0.00197003	-0.999994	0.200236
0.00181299	0.000115624	-0.999998	0.199766
0.000440536	-0.000440557	-1	0.199866
0.00206163	-0.000738677	-0.999998	0.200093
0.000474	-0.00140528	-0.999999	0.200024
0.000292929	0.000359358	-1	0.199726
-0.00107254	-0.000337066	-0.999999	0.199995
3.80252e-05	-0.00106766	-0.999999	0.199936
0.000249728	-0.00023638	-1	0.199945
0.00108441	0.000120127	-0.999999	0.199901
0.000933484	-0.000328499	-1	0.199817
-0.00188103	-0.000305345	-0.999998	0.19964
-0.00010036	0.00013331	-1	0.200032
-0.00385237	0.00530904	-0.999978	0.199569
-0.000513136	-0.0012663	-0.999999	0.199884
-6.27454e-05	-0.000581903	-1	0.1998
0.0035915	0.000710749	-0.999993	0.200496
0.00187453	0.000222009	-0.999998	0.199697
3.85428e-05	0.000978359	-1	0.199933
-0.000784153	0.000105441	-1	0.199841
0.0018704	-0.000304664	-0.999998	0.199668
0.000977812	-0.00169729	-0.999998	0.200212
-0.000762174	-0.00129914	-0.999999	0.199793
-0.00511468	-0.00373785	-0.99998	0.201033
-0.00377394	-0.00250724	-0.99999	0.199886
0.00014869	-0.000636222	-1	0.200098
-0.00231736	0.00147527	-0.999996	0.199706
0.999997	0.00139321	-0.00188035	0.299556
0.00146598	-5.39856e-05	-0.999999	0.199771
0.00181917	0.000407972	-0.999998	0.199972
0.00195202	0.000573714	-0.999998	0.199657
-0.000506323	-0.000531564	-1	0.200002
0.00112047	-0.00218057	-0.999997	0.199916
-0.00271068	0.00067089	-0.999996	0.199615
0.00219595	0.00302768	-0.999993	0.198756
2.65762e-05	7.14786e-05	-1	0.199995
0.000553538	-0.000836084	-0.999999	0.199945
0.00156591	-0.00131784	-0.999998	0.199861
0.00304764	-0.00208465	-0.999993	0.199747
0.00048118	-0.000339579	-1	0.199878
0.000696241	0.000294991	-1	0.199888
0.00100647	-0.0006847	-0.999999	0.199735
-0.00727276	0.00400891	-0.999966	0.200483
0.999997	0.00108789	0.00219551	0.300428
0.00116407	0.000143391	-0.999999	0.199924
-0.00287536	0.000385201	-0.999996	0.199722
-0.0021592	-6.24957e-05	-0.999998	0.199957
0.00127033	-0.00117041	-0.999999	0.20007
-0.00296993	0.00200046	-0.999994	0.19939
0.000326096	-0.000205286	-1	0.199843
0.000112228	-0.000305288	-1	0.199947
-0.000856202	0.000706689	-0.999999	0.199947
-0.000158505	0.00105562	-0.999999	0.199668
-0.00142901	0.00104246	-0.999998	0.199919
-7.67704e-05	0.000357674	-1	0.200071
0.0024647	-0.000322244	-0.999997	0.200011
0.00160279	0.00104888	-0.999998	0.199668
0.00187425	0.000226232	-0.999998	0.199964
0.000638362	-0.000108187	-1	0.199789
0.00161213	-0.00039836	-0.999999	0.199726
0.00251133	-0.000978127	-0.999996	0.199835
-0.000472012	-0.00132614	-0.999999	0.199757
-0.000487514	-0.000578648	-1	0.199987
0.00314294	0.000122239	-0.999995	0.199876
0.00121483	-0.00327545	-0.999994	0.199191
0.00118672	0.000176095	-0.999999	0.19996
0.00618408	0.0035402	-0.999975	0.198755
6.54805e-05	-0.00124374	-0.999999	0.199824
-0.000441364	-0.00194295	-0.999998	0.200043
0.00344916	0.000667871	-0.999994	0.199793
0.00241209	-0.000782306	-0.999997	0.199692
0.00130115	-0.00115018	-0.999998	0.199993
-0.00224779	0.00100114	-0.999997	0.199823
0.00121363	0.000737131	-0.999999	0.199968
-0.000823921	-0.000721956	-0.999999	0.200058
0.00119622	-0.000180712	-0.999999	0.199793
0.00107717	0.000480098	-0.999999	0.200151
0.00081307	-0.00130671	-0.999999	0.200071
-0.000372602	-0.000171588	-1	0.199621
0.000665932	-0.00143828	-0.999999	0.199845
0.00041673	-0.000378144	-1	0.199838
0.00111741	-0.00151362	-0.999998	0.200106
0.00142528	0.000462377	-0.999999	0.200086
0.000922968	-0.00114307	-0.999999	0.200064
-0.0043994	-0.00146103	-0.999989	0.199772
-0.000127891	-0.000804938	-1	0.199962
0.999996	-0.00239399	-0.00170654	0.29985
0.00148399	-0.000634529	-0.999999	0.200105
0.00289188	0.00118846	-0.999995	0.199724
-0.000962494	0.000107002	-1	0.199512
-0.0014798	-0.00120222	-0.999998	0.199784
0.00115081	0.00136822	-0.999998	0.199961
0.000280715	-0.000920842	-1	0.199918
0.00096073	-0.000660004	-0.999999	0.199887
0.00435083	0.00209478	-0.999988	0.19982
-0.000859494	-0.000368818	-1	0.200064
0.00106749	-0.00136187	-0.999999	0.199732
0.000766583	0.000312604	-1	0.199894
-0.00231281	0.0025589	-0.999994	0.199463
0.00340613	0.00154577	-0.999993	0.19979
0.000457366	-0.000975061	-0.999999	0.200079
0.0006649	-0.000238646	-1	0.199981
-0.00334879	0.00220748	-0.999992	0.199232
0.999994	0.00141222	-0.00311572	0.300161
-0.00219938	0.000445626	-0.999997	0.200019
0.00146331	-0.000763477	-0.999999	0.199878
0.00110405	0.00205493	-0.999997	0.1999
-0.0009736	0.000330461	-0.999999	0.199743
-0.00284923	1.36958e-05	-0.999996	0.200107
0.000822045	-0.000465327	-1	0.199867
0.00148833	-0.0021522	-0.999997	0.199752
0.00437914	-0.00114036	-0.99999	0.199532
0.000178024	-0.00111785	-0.999999	0.200059
0.00364762	-0.00149982	-0.999992	0.200466
-0.00099309	-0.00208562	-0.999997	0.200282
0.000288691	-0.00075072	-1	0.199826
0.000188431	9.3755e-05	-1	0.199938
-0.00180257	-0.000288198	-0.999998	0.199436
0.000443487	-0.000992756	-0.999999	0.19975
0.00117307	-0.0010394	-0.999999	0.200107
0.00213264	0.000417334	-0.999998	0.199727
-5.32008e-05	0.0010027	-0.999999	0.199876
0.00443461	-0.000825309	-0.99999	0.199948
0.00209455	-0.00217898	-0.999995	0.200158
-0.00186433	-0.000209278	-0.999998	0.200116
0.00150514	0.000400727	-0.999999	0.199902
0.999993	-0.000998079	-0.00371657	0.299971
0.001659	-0.000851826	-0.999998	0.19986
0.00457798	-0.00340756	-0.999984	0.199072
-0.00191842	0.00292276	-0.999994	0.199206
0.00181952	-0.00032266	-0.999998	0.199713
0.000961931	-0.000538273	-0.999999	0.199742
0.00144567	0.00014146	-0.999999	0.199836
0.00106222	0.000322354	-0.999999	0.199766
0.000247626	-0.000161619	-1	0.19992
0.00234059	-0.000128054	-0.999997	0.199842
0.00414304	-0.000847042	-0.999991	0.199658
-0.000305815	-7.05894e-05	-1	0.200075
-0.000379671	2.52363e-05	-1	0.199709
8.2334e-05	-0.000521026	-1	0.199771
0.000643314	0.000106958	-1	0.199697
-0.000710477	-0.000431692	-1	0.20002
0.00292002	-0.000822319	-0.999995	0.200093
-0.0049218	0.00689692	-0.999964	0.1994
0.00192184	0.000993085	-0.999998	0.199878
-0.000167348	-0.000490091	-1	0.199923
0.00361902	0.00291388	-0.999989	0.200349
-9.067e-05	-7.44231e-05	-1	0.199921
-0.00185773	-0.00173691	-0.999997	0.200232
-0.000870363	-0.000826053	-0.999999	0.199843
-0.000522838	-0.00102186	-0.999999	0.199854
0.000241883	-0.000831715	-1	0.199966
0.0015645	-0.000640335	-0.999999	0.199624
0.000842064	0.000206074	-1	0.199853
-0.000296068	-0.000745752	-1	0.200083
-0.00104404	-0.000208114	-0.999999	0.19998
3.49078e-05	-0.000578226	-1	0.199942
0.00155457	0.000820897	-0.999998	0.199953
0.00114021	-0.00118669	-0.999999	0.199843
0.000734682	-0.000674561	-1	0.19977
0.00175501	-0.000293813	-0.999998	0.199702
0.999986	0.000123917	-0.00530547	0.300112
0.00298698	-0.000646727	-0.999995	0.199753
-0.00126048	-8.76332e-05	-0.999999	0.200107
0.00317826	0.0014982	-0.999994	0.199909
-0.000860609	-0.00139201	-0.999999	0.200144
0.00112439	-0.000791506	-0.999999	0.200032
-0.000611772	-0.00139271	-0.999999	0.199821
-0.000573339	-0.000622336	-1	0.199869
0.00879531	0.00376199	-0.999954	0.199126
