-0.000428238	-0.00278409	-0.999996	0.200565
0.0021686	0.000890458	-0.999997	0.200722
0.00360851	0.00146858	-0.999992	0.199837
0.00127801	-0.00100559	-0.999999	0.200443
0.0158304	-0.0058471	-0.999858	0.201753
-0.00973736	-0.00178948	-0.999951	0.198553
0.00925482	0.00313475	-0.999952	0.199776
-0.00211551	-0.00351575	-0.999992	0.200987
-0.000584846	-0.000872302	-0.999999	0.199573
-0.00116831	-0.000144146	-0.999999	0.199509
0.000241744	0.00443987	-0.99999	0.199224
-0.00234909	0.000957791	-0.999997	0.199072
-0.00186039	0.000663936	-0.999998	0.200381
0.0105469	-0.00827946	-0.99991	0.199012
-0.000640325	0.00347928	-0.999994	0.200872
0.0116779	0.00280116	-0.999928	0.198656
0.00503634	0.00797259	-0.999955	0.198615
0.00887602	0.00221645	-0.999958	0.199463
-0.00910452	0.0105761	-0.999903	0.200739
-0.000149122	0.000133085	-1	0.200021
0.00625885	-0.00370105	-0.999974	0.198901
-0.00657643	0.00160978	-0.999977	0.19946
0.999683	0.00890748	-0.0235568	0.297698
-0.000143041	2.93892e-05	-1	0.19987
0.0113273	-0.00271513	-0.999932	0.200282
0.00398143	0.00388538	-0.999985	0.199037
-0.00744833	0.00049168	-0.999972	0.201094
-0.00248917	0.000788505	-0.999997	0.200574
-0.00528818	-0.00237755	-0.999983	0.198617
0.0140381	0.0107857	-0.999843	0.199464
0.00179097	-0.00488387	-0.999986	0.200129
0.000350584	-0.00387162	-0.999992	0.200304
0.0132804	0.000794887	-0.999911	0.200031
0.00480191	0.000350091	-0.999988	0.199301
0.000561636	-0.00237289	-0.999997	0.199589
-0.00140965	0.00461296	-0.999988	0.19954
-0.000360862	0.00239024	-0.999997	0.199959
-0.00136041	-0.000856969	-0.999999	0.201527
0.000227235	-0.00185307	-0.999998	0.198858
-0.000550041	0.000698398	-1	0.200031
0.00484115	-0.00102203	-0.999988	0.199819
0.00875698	0.00335562	-0.999956	0.201595
-7.55868e-05	0.000888588	-1	0.199849
-0.0076665	-0.00946098	-0.999926	0.198775
0.00575602	0.00684329	-0.99996	0.200892
-0.00528446	0.00103465	-0.999986	0.199703
0.0079247	0.00223918	-0.999966	0.200775
-0.00859345	-0.00147842	-0.999962	0.198734
0.0187948	-0.00418086	-0.999815	0.196939
0.00133394	0.00236811	-0.999996	0.200015
0.00159082	-0.00415391	-0.99999	0.199126
0.00125891	-0.000851652	-0.999999	0.200884
0.00492065	0.00289822	-0.999984	0.198882
-0.00632421	0.00244942	-0.999977	0.199333
0.000271406	0.000154745	-1	0.199148
3.72926e-05	0.00250703	-0.999997	0.200138
0.00457532	-0.0071653	-0.999964	0.198871
-0.0037918	0.00470615	-0.999982	0.200425
0.00900482	-0.00453181	-0.999949	0.198806
-0.00378396	-0.00148667	-0.999992	0.199689
0.00457475	-0.00129929	-0.999989	0.199841
-0.0012145	-0.00345184	-0.999993	0.200248
0.00350845	-0.00103141	-0.999993	0.201249
0.00137406	0.00437435	-0.999989	0.197494
7.3655e-05	-0.00227652	-0.999997	0.200176
-0.00351405	-0.00629889	-0.999974	0.199372
0.00437904	0.000831218	-0.99999	0.199842
-0.00145283	0.000984578	-0.999998	0.200717
-0.00252069	-0.00204082	-0.999995	0.200063
-0.00356303	-0.00215828	-0.999991	0.199927
0.0130814	0.00634743	-0.999894	0.197757
0.00732591	0.000335918	-0.999973	0.199873
-0.00135884	-0.00549492	-0.999984	0.201054
0.000660716	-0.000717102	-1	0.20011
-0.00366913	0.00238096	-0.99999	0.200314
0.0152644	0.00672784	-0.999861	0.199352
0.00138641	-0.000868515	-0.999999	0.199933
-0.000403673	0.00893693	-0.99996	0.198752
0.00191029	0.00454291	-0.999988	0.199521
0.00269767	-0.00122317	-0.999996	0.199612
0.00199582	-0.000527941	-0.999998	0.199243
-0.00540679	0.0177929	-0.999827	0.194337
-0.0149467	-0.001285	-0.999887	0.198754
-0.00195355	-0.00181323	-0.999996	0.200331
-0.00180961	-0.00339168	-0.999993	0.201054
-0.00332009	-0.00832378	-0.99996	0.199814
0.00771485	0.00195981	-0.999968	0.19925
0.99999	0.00406328	0.00180918	0.300926
0.999999	-0.000215504	0.00123922	0.300344
0.0190321	0.0222399	-0.999571	0.196512
0.00601508	-0.00200813	-0.99998	0.200265
-0.000665868	0.00472033	-0.999989	0.200384
-0.00307221	-0.00497798	-0.999983	0.199921
0.0082016	-0.00386631	-0.999959	0.200779
0.00225678	0.000460726	-0.999997	0.200838
-0.000406185	0.0037139	-0.999993	0.198917
-0.0080863	0.0108721	-0.999908	0.197824
-0.00156269	-0.00954614	-0.999953	0.199253
-0.00355445	-0.00524579	-0.99998	0.19964
0.999986	0.0025741	0.00460473	0.299559
-0.000148186	-0.00256369	-0.999997	0.199507
0.00406555	0.000733616	-0.999991	0.199527
-0.000836263	-0.00322886	-0.999994	0.199367
0.000723542	-0.0014088	-0.999999	0.200168
0.00397133	-0.00213371	-0.99999	0.199998
0.0116817	0.00734973	-0.999905	0.200013
0.000768932	-0.000431548	-1	0.200343
-0.00227028	-0.00788966	-0.999966	0.201204
-0.00368952	0.000791874	-0.999993	0.200025
-0.0020312	-0.00336018	-0.999992	0.199306
0.00384142	0.00267519	-0.999989	0.199188
-0.00233278	0.00308464	-0.999993	0.200678
0.00442608	0.00142961	-0.999989	0.201486
-0.00153639	0.00265991	-0.999995	0.199261
0.00514915	-0.00314156	-0.999982	0.198784
0.00137614	0.000123091	-0.999999	0.199984
-9.19208e-05	-0.000574289	-1	0.200616
0.00803293	-0.00444705	-0.999958	0.198344
0.00947789	0.0088057	-0.999916	0.198975
-0.00420184	0.00233406	-0.999988	0.198968
-0.0062609	0.00467273	-0.999969	0.198899
0.00367485	-0.00206828	-0.999991	0.19915
-0.0018004	0.00398274	-0.99999	0.198468
-0.00466117	0.000838598	-0.999989	0.199684
-0.00277216	0.00140182	-0.999995	0.199917
-0.00248594	0.0012029	-0.999996	0.200839
-0.00200126	0.00232234	-0.999995	0.199498
-0.00255759	9.01034e-05	-0.999997	0.19992
0.00194865	-0.000173674	-0.999998	0.200057
-0.00849838	-0.00403289	-0.999956	0.200519
0.00594776	-0.00285365	-0.999978	0.200028
0.00713266	0.00313409	-0.99997	0.198908
-0.00488938	0.00329091	-0.999983	0.19976
0.00526472	0.00238808	-0.999983	0.199726
0.0107672	0.0113019	-0.999878	0.19851
0.00233583	0.000859226	-0.999997	0.199891
-0.000684381	0.00498229	-0.999987	0.201013
-0.0033085	-0.00208483	-0.999992	0.199542
0.000652992	0.00313376	-0.999995	0.199175
0.0279468	-0.0122834	-0.999534	0.195987
0.00405984	0.00977441	-0.999944	0.197925
-0.000679126	-0.00256265	-0.999996	0.199891
0.00274496	-0.00381008	-0.999989	0.200922
0.027948	-0.0057712	-0.999593	0.195648
-0.0102379	0.00677022	-0.999925	0.198728
0.00203452	-0.000450139	-0.999998	0.199791
0.00321577	-0.00219447	-0.999992	0.199395
0.00284778	0.000974744	-0.999995	0.200238
-0.00230536	0.00146318	-0.999996	0.201025
0.000180411	-0.00556499	-0.999985	0.200918
0.000964873	-0.00152993	-0.999998	0.19931
2.80349e-05	0.00715079	-0.999974	0.197695
0.0133825	-0.00166627	-0.999909	0.197418
-0.00496368	0.00140182	-0.999987	0.198907
0.00182984	-0.00147441	-0.999997	0.199654
0.00132924	-0.00394066	-0.999991	0.200112
-0.00666273	0.00251142	-0.999975	0.199814
0.00262554	-0.000676952	-0.999996	0.199793
0.000524696	0.00320221	-0.999995	0.200284
-0.0087457	0.00676619	-0.999939	0.201747
0.000544577	-0.00330866	-0.999994	0.198698
0.00290336	-0.000742534	-0.999996	0.200075
0.000219922	-0.00130069	-0.999999	0.199351
-0.00148104	0.00237042	-0.999996	0.199876
0.00193825	-0.00435207	-0.999989	0.198812
0.00239862	0.00314481	-0.999992	0.19982
0.0217408	0.00745169	-0.999736	0.197769
0.00165114	0.000822044	-0.999998	0.199741
-0.00541066	0.00419245	-0.999977	0.198248
0.000300784	-0.000445574	-1	0.200217
-0.00978941	-0.00289116	-0.999948	0.19904
-0.0024468	0.000335965	-0.999997	0.199676
-0.00436589	-0.000570593	-0.99999	0.199213
-0.000240021	-0.000615287	-1	0.199937
0.0125707	0.00591219	-0.999904	0.201386
-0.00451816	-0.00421625	-0.999981	0.199305
0.000721292	-0.000339017	-1	0.199796
0.000408599	-0.000568239	-1	0.200453
0.000858618	0.00810695	-0.999967	0.20269
-0.00137248	0.00816065	-0.999966	0.198048
0.00565568	-0.00388755	-0.999977	0.200213
0.00594364	-0.000304014	-0.999982	0.19906
0.00807244	0.00101282	-0.999967	0.199714
0.00418598	-0.00204073	-0.999989	0.20029
-0.00348313	0.00638606	-0.999974	0.201344
0.00254554	-0.00554051	-0.999981	0.200585
0.0134035	-0.0162762	-0.999778	0.198628
-0.00247786	0.00440055	-0.999987	0.201244
-0.00523302	-0.00914452	-0.999944	0.199335
-0.0051002	0.000680164	-0.999987	0.199795
-0.00398969	-8.22338e-05	-0.999992	0.199323
0.000892869	-0.0024217	-0.999997	0.199281
0.0035995	-0.000325542	-0.999993	0.200206
0.0120858	0.0104678	-0.999872	0.198513
-0.00283558	-0.0017798	-0.999994	0.200253
-0.00749682	-0.00843223	-0.999936	0.200942
5.74909e-05	-0.000667064	-1	0.199632
0.00816887	-0.00153197	-0.999965	0.200492
-0.00380388	0.00249896	-0.99999	0.19962
0.00557144	-1.49223e-05	-0.999985	0.199508
0.0125232	6.74172e-06	-0.999922	0.198136
-0.00201873	0.00166546	-0.999997	0.199267
-0.00142576	0.000804452	-0.999999	0.200721
0.00349206	-0.00412789	-0.999985	0.198093
-0.00278455	-0.00232808	-0.999993	0.200226
-0.00732782	0.00336817	-0.999967	0.198376
0.0034301	-0.0014829	-0.999993	0.200468
-0.0147179	-0.00834669	-0.999857	0.198983
-0.00259404	0.000436061	-0.999997	0.199711
0.0171226	0.00253806	-0.99985	0.202982
0.00897715	0.004359	-0.99995	0.19983
-0.00170854	0.000315087	-0.999999	0.199736
0.0108779	0.00714085	-0.999915	0.200926
-0.00738107	0.00322993	-0.999968	0.200029
0.00648527	-0.000541562	-0.999979	0.198991
-0.00406555	0.00256549	-0.999988	0.19915
0.000380286	0.000517785	-1	0.199767
-0.00130205	0.00379461	-0.999992	0.199872
0.00639699	0.00196787	-0.999978	0.19866
0.00236013	0.00810395	-0.999964	0.198294
0.00615089	-0.000920292	-0.999981	0.199461
0.0144145	-0.0067334	-0.999874	0.19934
0.00265297	0.00140647	-0.999995	0.199294
-0.00253151	-0.00161138	-0.999995	0.20022
0.00155416	-0.00116331	-0.999998	0.200203
0.00236515	-0.00614913	-0.999978	0.201049
-0.00413629	0.00267094	-0.999988	0.200482
-0.00713893	-0.00641244	-0.999954	0.200143
0.00151969	-0.000228573	-0.999999	0.201168
-1.49085e-05	-0.00164162	-0.999999	0.199755
0.999512	0.02111	-0.0230258	0.293219
0.000719286	0.000902009	-0.999999	0.20093
-0.00275179	0.00350004	-0.99999	0.200551
0.00634278	-0.00307208	-0.999975	0.199811
-0.00178538	0.00219725	-0.999996	0.198888
-0.000106934	-0.00423333	-0.999991	0.200481
0.00207426	0.00371958	-0.999991	0.199102
-0.0045655	0.00175907	-0.999988	0.199196
0.00124794	0.000200358	-0.999999	0.200401
-0.00842809	-0.00261534	-0.999961	0.200277
0.00114241	-0.00108743	-0.999999	0.199988
-0.00475777	-0.00183941	-0.999987	0.200066
-0.0065664	0.00104528	-0.999978	0.201342
-1.67031e-05	-0.00171356	-0.999999	0.201011
0.00520999	-0.00743962	-0.999959	0.200087
0.00274271	0.00454562	-0.999986	0.200461
-0.00101456	0.000610665	-0.999999	0.200397
0.0026244	-0.00747931	-0.999969	0.199192
-0.000586903	0.000417599	-1	0.200266
-0.000718178	-0.00191989	-0.999998	0.199616
-0.0142345	0.0089935	-0.999858	0.200531
0.00459254	0.00202416	-0.999987	0.198099
0.000194375	-0.000240772	-1	0.200874
0.00741487	3.44439e-06	-0.999973	0.201505
0.0015374	-0.000699416	-0.999999	0.200344
-0.00615932	0.00194091	-0.999979	0.200552
0.00405643	0.000460518	-0.999992	0.19964
-0.00131048	-0.000682764	-0.999999	0.201017
0.999998	-0.00200776	-0.000699782	0.300583
0.00518944	0.000294107	-0.999987	0.200997
-0.00251572	0.001699	-0.999995	0.200389
0.999824	0.00715288	-0.0173182	0.301583
0.015751	0.00231323	-0.999873	0.201287
-0.00370246	-0.00138973	-0.999992	0.199232
0.00227965	0.000973762	-0.999997	0.20065
-0.00120479	-0.00128189	-0.999999	0.20032
-0.00165132	0.0124944	-0.999921	0.199566
-0.00131611	0.00115628	-0.999999	0.199765
0.00400156	0.00318938	-0.999987	0.200409
0.00590294	0.00679588	-0.99996	0.202489
0.0362704	0.00937493	-0.999298	0.202466
0.000482536	-0.000514254	-1	0.199459
-0.00467553	8.94378e-05	-0.999989	0.198934
0.00178786	-0.00327322	-0.999993	0.199248
0.010764	-0.00172963	-0.999941	0.198489
0.00114479	0.00499663	-0.999987	0.199038
0.00229216	0.00179021	-0.999996	0.199917
-0.00465105	-0.000465801	-0.999989	0.199985
-0.000393424	-0.00347684	-0.999994	0.200074
0.999868	0.00883128	0.013606	0.29941
0.0184551	0.000526753	-0.99983	0.197561
-0.00391294	0.00165462	-0.999991	0.200291
0.00708225	0.00576325	-0.999958	0.200512
0.999975	0.000602039	-0.00703393	0.29974
-0.00688078	-0.00291651	-0.999972	0.200288
0.00230988	-0.0015985	-0.999996	0.199822
0.00223268	0.00225218	-0.999995	0.199207
-0.00976055	0.00765931	-0.999923	0.201652
-0.00225032	-0.0134778	-0.999907	0.196026
0.0035005	-0.00320019	-0.999989	0.198969
0.00258465	-0.00143721	-0.999996	0.199815
0.00933438	-0.0012903	-0.999956	0.200044
0.00225936	0.00420337	-0.999989	0.199077
-0.00125252	-0.00422875	-0.99999	0.200258
0.00171926	0.00169138	-0.999997	0.199946
0.00693858	-0.000108942	-0.999976	0.200445
0.0160029	-0.0102456	-0.999819	0.196859
0.999987	-0.000702195	0.00505799	0.29859
-0.00298245	-0.00277804	-0.999992	0.200992
0.00486284	0.000502682	-0.999988	0.199761
-0.00141571	0.999998	-0.001336	0.399333
-0.00850518	-0.00185095	-0.999962	0.202783
-0.000856651	-0.00652986	-0.999978	0.199217
-0.00205265	-0.000747207	-0.999998	0.200312
0.00660246	-0.000324035	-0.999978	0.200158
0.00430172	-0.00419337	-0.999982	0.200817
0.0133935	0.0064011	-0.99989	0.20019
-0.000769529	-0.00448683	-0.99999	0.200089
-0.0028558	-0.0039716	-0.999988	0.199139
0.999986	-0.00467688	-0.00252369	0.299572
-0.00365524	0.000200109	-0.999993	0.200086
0.00269967	0.00269941	-0.999993	0.199555
-0.000856234	-0.00438439	-0.99999	0.199612
-0.0025242	-0.000986394	-0.999996	0.200376
0.00443226	-0.00275988	-0.999986	0.201079
-0.0028984	-0.00315778	-0.999991	0.200043
-0.0048686	-0.00312401	-0.999983	0.200369
0.00157636	0.00268328	-0.999995	0.199731
-0.0086384	-0.00138875	-0.999962	0.200635
0.999987	0.00429688	0.00266563	0.300346
0.000276918	-0.00297782	-0.999996	0.200528
-0.00118345	-0.00131389	-0.999998	0.199857
0.00806163	-0.00305737	-0.999963	0.199148
8.07903e-06	0.00211463	-0.999998	0.199521
0.00201437	-5.45283e-05	-0.999998	0.199046
0.000880866	0.000531932	-0.999999	0.20096
0.000649567	-0.00305827	-0.999995	0.200139
0.00703712	7.99232e-05	-0.999975	0.200198
-6.0059e-05	0.00137983	-0.999999	0.199312
0.000674078	0.00120226	-0.999999	0.199902
0.0171039	0.00740349	-0.999826	0.202283
0.00394941	0.00187344	-0.99999	0.199563
-0.00244149	-0.0017535	-0.999996	0.200409
0.00865528	0.00101793	-0.999962	0.198332
0.00420277	-0.00111517	-0.999991	0.199837
-0.00290689	-0.00763661	-0.999967	0.200626
0.00084405	-0.0011144	-0.999999	0.200002
0.00950233	0.0117304	-0.999886	0.198822
0.00515499	0.00588764	-0.999969	0.201882
-0.00532489	0.00762937	-0.999957	0.19695
-0.00197228	-0.00363591	-0.999992	0.200338
0.00346131	-0.000708451	-0.999994	0.199498
-0.00661014	0.00112608	-0.999978	0.199681
-0.000266482	0.00037692	-1	0.19982
0.000957695	-0.0034558	-0.999994	0.199774
-0.00188421	-0.00254796	-0.999995	0.199733
0.00115182	0.0106483	-0.999943	0.199906
0.0324081	-0.0130849	-0.999389	0.198371
0.00503898	-0.00342854	-0.999981	0.199407
0.00295715	-0.0010125	-0.999995	0.199408
0.00661751	-0.0017809	-0.999977	0.200161
-0.00212084	0.0024644	-0.999995	0.200884
-0.000256177	0.000508259	-1	0.199083
0.000936637	0.000518536	-0.999999	0.199949
-0.00206326	0.00120741	-0.999997	0.199947
0.000886866	0.0033354	-0.999994	0.200243
0.000186061	0.00222663	-0.999997	0.200066
0.00270367	-0.000347622	-0.999996	0.199922
0.0199243	0.0128215	-0.999719	0.198788
0.00389737	0.00567119	-0.999976	0.200215
-0.0108392	-0.00226016	-0.999939	0.199265
-0.00317355	-0.00235324	-0.999992	0.199972
0.00345126	0.00361185	-0.999988	0.201588
0.999779	-0.0040512	-0.0206247	0.299101
0.00616725	-0.00477675	-0.99997	0.200796
0.00865352	0.000980633	-0.999962	0.199412
-0.00232591	0.00146179	-0.999996	0.199708
0.00161962	0.00330716	-0.999993	0.199738
0.00377613	-0.00351201	-0.999987	0.199894
-7.29296e-05	-0.00475247	-0.999989	0.200575
0.00566071	-0.00256945	-0.999981	0.199673
0.00538274	-0.00120471	-0.999985	0.200423
-0.00153054	-0.00139045	-0.999998	0.199819
-0.00201116	-0.000696592	-0.999998	0.200047
0.0126575	0.00365292	-0.999913	0.199659
0.00522478	-0.00411929	-0.999978	0.199339
0.0136176	-0.00096151	-0.999907	0.199178
-0.000310904	-0.000235081	-1	0.200554
-0.00598642	-0.000265181	-0.999982	0.200631
0.0042971	-0.000950024	-0.99999	0.199702
0.00678207	-0.00317823	-0.999972	0.199798
0.0024753	-0.00531497	-0.999983	0.200229
0.0137262	-0.00311651	-0.999901	0.199069
0.000936378	-0.00405087	-0.999991	0.200098
-0.00272552	-0.00743706	-0.999969	0.200075
-0.00321294	-0.0019162	-0.999993	0.199431
-0.000233431	-0.000667724	-1	0.199829
-0.00665499	-0.00177619	-0.999976	0.200092
-0.000970436	0.00544435	-0.999985	0.200223
-0.0104224	-0.00477209	-0.999934	0.200745
0.00318304	-0.00203086	-0.999993	0.199087
0.00472613	-0.00219001	-0.999986	0.200073
0.999998	-0.00117778	0.00141662	0.298021
0.00375863	0.00140206	-0.999992	0.199579
-0.000322055	-0.00195384	-0.999998	0.200152
0.00343301	-0.000801511	-0.999994	0.199005
0.00478246	-0.00108967	-0.999988	0.200636
0.00285922	0.00102781	-0.999995	0.199461
0.000237102	-0.000232798	-1	0.199109
-0.000260174	0.00213369	-0.999998	0.200265
-0.00361224	0.00162291	-0.999992	0.200143
-0.00800149	0.00590202	-0.999951	0.198904
0.0040133	0.00172894	-0.99999	0.198646
-0.000676572	-0.00127991	-0.999999	0.199209
-0.000508959	0.00463805	-0.999989	0.198554
0.00113419	-0.00975172	-0.999952	0.198416
0.00642216	0.00453762	-0.999969	0.199539
-0.00267171	-0.00370671	-0.99999	0.199155
-0.00482446	-0.00470804	-0.999977	0.200321
0.00329042	0.00172404	-0.999993	0.199352
0.00309373	-0.00322091	-0.99999	0.199856
0.00730397	-0.00164001	-0.999972	0.199804
-0.00174652	0.00156979	-0.999997	0.199806
0.0278708	0.0176038	-0.999457	0.200952
0.999767	-0.00141605	-0.0215313	0.301494
0.000590495	0.00379085	-0.999993	0.201465
-0.00109316	-0.00206401	-0.999997	0.200438
0.0067096	0.00591124	-0.99996	0.197872
-0.00340253	-0.00472594	-0.999983	0.200721
-0.000216813	0.00549601	-0.999985	0.200244
-0.00175405	-0.00257158	-0.999995	0.201196
0.00504619	-0.00139197	-0.999986	0.199862
0.00734436	-0.0044038	-0.999963	0.200648
0.0346021	-0.0141034	-0.999302	0.201067
0.00549781	0.00248288	-0.999982	0.200851
-0.00189268	0.00292298	-0.999994	0.200916
-0.00952255	0.00883117	-0.999916	0.198546
0.00100976	-0.00052293	-0.999999	0.199895
0.0279868	0.0124511	-0.999531	0.198473
0.00557206	0.00100746	-0.999984	0.199767
0.00657837	0.00477238	-0.999967	0.199876
6.46629e-05	-0.000836288	-1	0.199297
-0.00405581	0.00108188	-0.999991	0.199758
0.00616764	0.00603032	-0.999963	0.201539
-0.000684931	-0.0016761	-0.999998	0.199649
0.00211849	0.999971	-0.00735049	0.399794
0.00326186	0.0019592	-0.999993	0.200162
0.00444161	-0.00122372	-0.999989	0.199696
0.00477818	0.00114513	-0.999988	0.199635
-0.00108798	-0.00265224	-0.999996	0.198925
0.0034881	0.00140199	-0.999993	0.199256
0.00888766	0.00331318	-0.999955	0.200976
-0.00929452	-0.0206905	-0.999743	0.203263
-0.00162886	-0.00577738	-0.999982	0.198159
0.00667084	0.00373637	-0.999971	0.199841
0.00313869	0.00621927	-0.999976	0.200024
0.000291001	-6.08345e-05	-1	0.200219
-0.0118696	0.00624597	-0.99991	0.197865
-0.00118468	-0.00125449	-0.999999	0.200526
-0.00348935	0.00154127	-0.999993	0.200096
0.00793831	0.000766481	-0.999968	0.200481
0.00165368	0.000913435	-0.999998	0.200041
0.00449922	0.00291903	-0.999986	0.199806
0.00337954	0.00206074	-0.999992	0.198999
0.0016841	0.000306282	-0.999999	0.199909
-0.000740713	-0.00228273	-0.999997	0.199943
0.000908382	0.00257047	-0.999996	0.200081
-0.00332746	0.00188155	-0.999993	0.200717
4.46954e-06	-4.4536e-05	-1	0.200123
-0.00278025	-0.009548	-0.999951	0.197908
0.00379805	0.000376089	-0.999993	0.200042
0.00095438	-0.00315564	-0.999995	0.199939
-0.00203292	-0.000235119	-0.999998	0.19997
0.00671928	0.00200801	-0.999975	0.198871
0.00442024	-0.00144943	-0.999989	0.19952
0.0180685	0.012033	-0.999764	0.198604
-0.00458483	-0.00140906	-0.999989	0.199965
-0.00171587	0.000683651	-0.999998	0.200427
0.000935562	-0.00202659	-0.999998	0.200847
0.00515247	-0.00140686	-0.999986	0.199675
0.00159218	-0.00299637	-0.999994	0.199269
0.0030671	0.00510995	-0.999982	0.199908
-0.00135857	0.000786163	-0.999999	0.199777
0.0157943	0.00221895	-0.999873	0.198412
0.00561266	0.00225785	-0.999982	0.198973
-0.0122584	-0.00281509	-0.999921	0.199822
-0.00437958	0.00826895	-0.999956	0.200568
-0.00358816	0.00390612	-0.999986	0.199992
-0.00989851	-0.00592401	-0.999933	0.198569
0.0221087	-0.0125915	-0.999676	0.199761
0.0200057	0.0161382	-0.99967	0.198649
-0.00198911	-0.00185266	-0.999996	0.199153
-0.00390679	0.00204897	-0.99999	0.200434
0.0499964	0.0176119	-0.998594	0.190014
0.00123947	-0.00257437	-0.999996	0.200808
-0.00154155	1.04822e-05	-0.999999	0.200317
0.00194296	0.00146521	-0.999997	0.199708
-0.00107306	-0.00233874	-0.999997	0.199515
0.000188422	0.00642615	-0.999979	0.199954
0.00691139	0.000805589	-0.999976	0.199822
3.47052e-05	0.00170705	-0.999999	0.199906
-0.00346092	-0.000318683	-0.999994	0.200645
0.000153527	-2.77446e-05	-1	0.201782
0.00560597	0.00454725	-0.999974	0.201305
-0.00439476	0.00393414	-0.999983	0.201143
-5.44205e-05	-0.00544529	-0.999985	0.198732
0.00584994	0.0047762	-0.999972	0.199566
-0.0159938	-0.000731599	-0.999872	0.2
-0.00599898	0.00367272	-0.999975	0.200102
0.0245299	0.0208356	-0.999482	0.195552
0.0265955	-0.0120293	-0.999574	0.197688
0.00816142	-0.00856817	-0.99993	0.200427
0.000399489	-0.00101182	-0.999999	0.199906
-0.00290367	0.000143291	-0.999996	0.199863
-0.000669724	-0.00438128	-0.99999	0.198254
0.00514579	0.00104044	-0.999986	0.199883
0.00894007	-0.000896462	-0.99996	0.1975
-0.000130536	0.00541173	-0.999985	0.200631
-0.00624903	-0.00736107	-0.999953	0.20249
-0.00239835	0.000372464	-0.999997	0.200191
-0.00222738	0.000487905	-0.999997	0.199672
0.00766978	-0.0112443	-0.999907	0.199856
0.0155519	0.00835361	-0.999844	0.197265
0.99995	-0.000769066	-0.0100043	0.30128
-0.00257002	0.00266671	-0.999993	0.199842
0.00428333	-0.00200599	-0.999989	0.199563
0.00022565	-0.00517345	-0.999987	0.200485
-0.0013111	-0.00224209	-0.999997	0.20091
-0.0029782	-0.0029004	-0.999991	0.199552
0.999974	-0.00629862	0.00338969	0.301319
-0.000750927	0.000735155	-0.999999	0.199997
-0.000129754	-0.00215206	-0.999998	0.199866
0.00817749	-0.00312583	-0.999962	0.201931
-0.000910497	0.000926465	-0.999999	0.199975
0.00288699	-0.000537676	-0.999996	0.200168
-0.00565488	-0.00164408	-0.999983	0.199968
-0.00158307	-0.000641365	-0.999999	0.199948
0.00631089	-0.00773173	-0.99995	0.201626
0.00137619	-0.00149735	-0.999998	0.200027
-0.00117077	-0.00493193	-0.999987	0.200912
0.000440007	0.0053627	-0.999986	0.198955
-0.000382495	-0.000138503	-1	0.199327
0.00240567	-0.00436558	-0.999988	0.199651
-0.000276792	0.000735171	-1	0.201064
0.00606692	0.00144272	-0.999981	0.201273
0.00265922	-0.000983578	-0.999996	0.19984
0.00232749	0.000366383	-0.999997	0.198784
0.00695888	0.00742083	-0.999948	0.202154
0.00240883	-0.00375593	-0.99999	0.199368
-0.0054301	0.00426019	-0.999976	0.199659
0.99975	-0.0109733	-0.0194836	0.298265
-0.00197494	0.000294006	-0.999998	0.20004
0.00635922	0.00941965	-0.999935	0.200546
-0.0114005	0.00598352	-0.999917	0.200519
-0.0016589	-0.000863816	-0.999998	0.200339
0.0192322	-0.00453754	-0.999805	0.201305
0.00182998	0.00286483	-0.999994	0.198788
-0.00624118	-0.00344194	-0.999975	0.199913
-0.00259531	0.00175237	-0.999995	0.200213
-0.000404595	-0.00246381	-0.999997	0.199744
-0.00169535	-0.00265475	-0.999995	0.199059
-0.00885448	-0.00490959	-0.999949	0.198241
-0.00433576	-0.00346611	-0.999985	0.200044
-0.00156005	-0.00140627	-0.999998	0.199723
0.0236736	-0.0108588	-0.999661	0.197583
0.00181453	-0.00272421	-0.999995	0.199111
-0.00589991	-0.00310896	-0.999978	0.199459
-0.00501872	-0.00157438	-0.999986	0.199623
-0.00203801	0.00222381	-0.999995	0.199962
0.00322486	-0.000372067	-0.999995	0.199382
-0.00307843	0.00493629	-0.999983	0.200076
0.000538041	-0.00671787	-0.999977	0.200057
-0.000621726	0.00349155	-0.999994	0.1998
0.00403957	0.00450303	-0.999982	0.199356
-0.00594367	-0.0041292	-0.999974	0.201501
0.0039031	-0.0015271	-0.999991	0.199307
0.00453315	-0.00285122	-0.999986	0.199399
-0.000613279	-0.000385907	-1	0.199581
-0.001804	0.00688305	-0.999975	0.199588
1	-0.000611673	-0.000713632	0.30034
0.00241184	-0.000557185	-0.999997	0.199479
-0.000308243	-0.00560882	-0.999984	0.199415
-0.00125593	0.00714455	-0.999974	0.199108
0.00968995	0.00457076	-0.999943	0.198612
0.00490459	-0.00106977	-0.999987	0.198974
-0.00148662	-0.000203188	-0.999999	0.20029
0.0049475	-0.0029491	-0.999983	0.199377
6.69907e-05	0.00136165	-0.999999	0.200505
-0.00310033	-0.0061961	-0.999976	0.200962
-0.000779747	0.00211129	-0.999997	0.201077
-0.0146749	-0.00507567	-0.999879	0.202675
-0.00387559	-0.000832006	-0.999992	0.201281
-0.000870448	0.000304686	-1	0.199718
0.00405239	-0.00247185	-0.999989	0.199778
0.999997	-0.00155871	0.00181526	0.300396
-0.00209516	7.08721e-05	-0.999998	0.199941
0.00324851	-0.00135174	-0.999994	0.19947
0.00509053	0.000724254	-0.999987	0.199278
0.00320421	0.00220472	-0.999993	0.19989
0.00749345	0.00250123	-0.999969	0.200217
-0.00852548	0.0252513	-0.999645	0.198642
0.0158457	-0.00940643	-0.99983	0.196827
0.00619342	0.00468078	-0.99997	0.200923
-0.00244769	0.000239082	-0.999997	0.200024
0.00582581	-0.00356063	-0.999977	0.199456
-5.33158e-05	0.00964878	-0.999953	0.20053
0.00461065	0.00600762	-0.999971	0.197762
-0.00111962	-0.00419845	-0.999991	0.19959
0.0063169	0.00981351	-0.999932	0.198445
-0.00312172	-0.00146382	-0.999994	0.199345
0.000532491	0.000707725	-1	0.200189
-0.00330955	0.00350964	-0.999988	0.201597
-0.000328399	-0.00116259	-0.999999	0.199643
-0.00100671	0.0042325	-0.999991	0.199599
0.999983	-0.00263969	0.00517889	0.300291
-0.00139437	-0.00316325	-0.999994	0.199567
0.00863203	-0.00274913	-0.999959	0.198741
0.00363473	0.00402739	-0.999985	0.199555
0.00296353	0.00766107	-0.999966	0.198001
-0.00927927	-0.00289266	-0.999953	0.199055
-0.00405663	-0.00236442	-0.999989	0.200425
-0.00180865	-0.00129793	-0.999998	0.200404
0.00167488	0.00228378	-0.999996	0.199892
-0.00115996	-0.00353552	-0.999993	0.199406
-0.00316978	-0.00314469	-0.99999	0.199645
0.0098854	-0.00482545	-0.99994	0.200981
0.000389632	-0.00180582	-0.999998	0.19992
0.00554422	0.002746	-0.999981	0.199606
0.00768615	0.999948	0.00673727	0.399005
-0.0010263	-0.00305708	-0.999995	0.200019
-0.0148948	-0.000229502	-0.999889	0.199427
0.00230595	-0.00259939	-0.999994	0.199707
-0.007623	0.0111517	-0.999909	0.200575
-0.00627859	-0.00158491	-0.999979	0.19972
0.00200537	-0.000866302	-0.999998	0.201377
0.00104466	-0.00520162	-0.999986	0.20059
0.00818915	0.000524381	-0.999966	0.198424
0.0024197	0.00224717	-0.999995	0.199599
-0.00389337	0.0104343	-0.999938	0.197611
0.0131732	0.000315029	-0.999913	0.198231
0.00498388	0.00211996	-0.999985	0.2016
-0.00780074	0.00123601	-0.999969	0.198968
0.00135785	-0.000248234	-0.999999	0.199758
-0.00558105	-0.00232831	-0.999982	0.199841
-0.00449744	-0.00298374	-0.999985	0.199867
0.000731159	0.000590471	-0.999999	0.200222
0.00199358	0.000366338	-0.999998	0.199833
-0.0104129	-0.00525893	-0.999932	0.202551
0.000902347	0.00518144	-0.999986	0.199681
-0.000649645	0.000652761	-1	0.200029
0.00488452	0.000959859	-0.999988	0.199167
-0.0016873	-0.00104338	-0.999998	0.200139
0.00605243	0.00254868	-0.999978	0.19859
0.013703	0.00830747	-0.999872	0.19869
-0.0103573	0.0150472	-0.999833	0.204869
0.0127544	-0.0024233	-0.999916	0.201006
0.00349482	0.00146751	-0.999993	0.200409
-0.00685607	0.00341752	-0.999971	0.199821
0.999943	0.000213194	-0.0106423	0.299332
-0.00441875	-0.00350332	-0.999984	0.200672
-0.00265832	-0.001546	-0.999995	0.200312
0.00991102	-0.000317526	-0.999951	0.200026
-0.00589431	-0.000309184	-0.999983	0.199963
-0.00532167	-0.00605981	-0.999967	0.199314
-0.00115744	-0.00646671	-0.999978	0.199944
0.0154243	-0.00897875	-0.999841	0.197764
0.0136882	-0.00259176	-0.999903	0.197697
0.000953187	0.00117241	-0.999999	0.199957
-0.000105989	-0.00586408	-0.999983	0.200376
0.0299699	0.030819	-0.999076	0.196955
0.000342954	0.00367922	-0.999993	0.199835
-0.00108627	0.00403222	-0.999991	0.198202
0.0192392	-0.00996497	-0.999765	0.199337
0.00387632	0.00156035	-0.999991	0.199951
-4.3581e-05	-0.000816458	-1	0.19976
-0.00053368	-0.0037062	-0.999993	0.200334
-0.00221892	-0.00177314	-0.999996	0.200295
-0.00229076	-0.000878647	-0.999997	0.199406
0.00121805	0.00600546	-0.999981	0.199178
0.00817461	0.0021217	-0.999964	0.200478
0.00446921	-0.00453704	-0.99998	0.199452
-0.00569315	0.00801121	-0.999952	0.198793
0.00193299	0.000419266	-0.999998	0.200279
-0.000104781	0.0181833	-0.999835	0.203743
0.00385883	-0.00342258	-0.999987	0.200316
0.00760648	0.00168621	-0.99997	0.199202
0.00192952	0.000329476	-0.999998	0.199741
0.00802178	0.0043361	-0.999958	0.199051
0.0125799	0.00171913	-0.999919	0.199225
-0.000244321	0.000239202	-1	0.200402
0.00499944	1.2863e-06	-0.999987	0.19972
-0.00151227	0.00619361	-0.99998	0.200148
0.000333543	0.00358338	-0.999994	0.200726
0.0246249	0.0140124	-0.999599	0.198896
0.000234688	-0.00653206	-0.999979	0.200624
-0.00295624	-0.00422319	-0.999987	0.200668
0.00582155	-0.00335141	-0.999977	0.201478
-0.00285844	-0.00172801	-0.999994	0.202327
-0.000408922	0.00769227	-0.99997	0.200047
-0.00321018	0.00109742	-0.999994	0.199651
-0.00810585	-0.00814645	-0.999934	0.198866
-0.00475651	0.00443637	-0.999979	0.199879
0.00144741	0.00673794	-0.999976	0.202687
0.00291603	0.000813856	-0.999995	0.199794
0.000742204	-0.00364804	-0.999993	0.20036
0.0010449	-0.00201591	-0.999997	0.199826
0.00255957	-0.000931578	-0.999996	0.19982
-0.000859293	-0.00122977	-0.999999	0.199928
-0.000440797	0.00057167	-1	0.200492
-0.00195752	-0.00371984	-0.999991	0.199488
-0.00385123	-0.00156869	-0.999991	0.200114
-0.00501951	-0.000852683	-0.999987	0.199419
-3.11335e-06	-0.000533415	-1	0.200296
-4.75929e-05	-0.00257568	-0.999997	0.199807
-0.00397641	-0.000506118	-0.999992	0.200197
-0.0178062	-0.00880314	-0.999803	0.197371
0.0040378	-0.000427763	-0.999992	0.200538
-0.00160833	-0.000222987	-0.999999	0.199938
0.00187018	0.000408284	-0.999998	0.199709
-0.00148754	0.00192258	-0.999997	0.199772
0.00026359	0.000198098	-1	0.199796
-0.00177781	-0.000666635	-0.999998	0.200096
-0.000512816	-0.000227566	-1	0.199689
0.00425857	-0.000704633	-0.999991	0.199981
0.00112845	-0.00133724	-0.999999	0.199888
-0.000676484	0.00443509	-0.99999	0.199628
-0.00796428	0.02303	-0.999703	0.200532
-0.000696838	0.00123707	-0.999999	0.199735
0.00131885	0.000103509	-0.999999	0.200317
0.0019975	-0.0030637	-0.999993	0.199398
-0.00501399	0.00407999	-0.999979	0.20096
0.999982	-0.00300474	0.00510342	0.298488
-0.00537691	0.000876856	-0.999985	0.198984
-0.00242258	0.00437438	-0.999987	0.201077
0.00714618	0.00112987	-0.999974	0.199971
-0.00504855	-0.001153	-0.999987	0.199743
0.000921713	7.6676e-05	-1	0.199748
0.00362149	-0.000239251	-0.999993	0.199298
0.00682859	0.000544719	-0.999977	0.20139
-0.000890973	0.00200511	-0.999998	0.200048
-0.00847225	-0.00345741	-0.999958	0.201388
0.0044864	-0.00129859	-0.999989	0.200728
-0.00269	8.43827e-05	-0.999996	0.200727
0.00586057	-0.00800014	-0.999951	0.200511
0.999938	0.00407514	-0.0104059	0.299483
0.00220224	-0.00103076	-0.999997	0.199961
0.00474469	0.00446646	-0.999979	0.200393
0.0754627	0.0417872	-0.996273	0.188232
0.00310217	-0.000993815	-0.999995	0.198899
0.999886	0.00970519	0.0115895	0.299419
0.00463595	-0.00173442	-0.999988	0.199607
0.000404537	-0.00100655	-0.999999	0.199672
-0.000930046	-0.00412635	-0.999991	0.199686
-0.00884344	0.00913339	-0.999919	0.197597
-0.00146205	-0.00147641	-0.999998	0.199772
-0.0119757	0.0041861	-0.99992	0.200476
0.00650101	0.00043173	-0.999979	0.201208
-0.00747842	0.000341403	-0.999972	0.200025
-0.00577924	-0.005796	-0.999966	0.198676
-0.00646605	0.00263528	-0.999976	0.201056
0.000605607	-0.00136229	-0.999999	0.200116
-0.000155385	-6.93504e-06	-1	0.199971
0.00477865	-0.00276885	-0.999985	0.200216
-4.5904e-05	-0.00222396	-0.999997	0.200806
-0.00188886	-0.000266928	-0.999998	0.200296
0.00196446	0.00436944	-0.999988	0.198725
0.00681203	-0.00506384	-0.999964	0.198323
-0.000374847	0.00331383	-0.999994	0.199999
0.0018501	0.0010288	-0.999998	0.200008
-0.000751397	-0.000107236	-1	0.20001
0.000148291	-0.00209756	-0.999998	0.200346
-0.00559192	0.00378343	-0.999977	0.199614
0.00436113	-0.00281891	-0.999986	0.199625
0.00380393	0.00549053	-0.999978	0.200929
-0.00359666	-0.0127515	-0.999912	0.197071
-0.00564213	0.00334402	-0.999978	0.198998
0.00362942	0.00354733	-0.999987	0.200252
0.0106609	0.000562731	-0.999943	0.199342
-0.00385855	0.00306797	-0.999988	0.199016
-0.00381283	-0.00460227	-0.999982	0.201541
0.000938134	0.00129641	-0.999999	0.200108
0.000223218	-0.00116024	-0.999999	0.19996
0.000725695	0.00260832	-0.999996	0.20009
0.0147826	0.00758637	-0.999862	0.197685
-0.000467182	0.00215131	-0.999998	0.199414
0.999996	-0.00284685	-0.000471123	0.300181
0.00301693	-0.00957397	-0.99995	0.202598
0.010761	0.00606283	-0.999924	0.198506
0.000320395	0.00208464	-0.999998	0.198542
-0.00160311	0.00737588	-0.999972	0.199947
-0.00338534	0.000623096	-0.999994	0.199947
0.00472196	0.000172114	-0.999989	0.20059
-0.00080259	0.00176274	-0.999998	0.199624
-0.00069913	-0.00515455	-0.999986	0.199712
0.000140519	0.0032446	-0.999995	0.199732
-0.00328955	0.00540989	-0.99998	0.201055
-0.00213729	0.00265208	-0.999994	0.200716
0.0125337	0.00302803	-0.999917	0.197079
0.00815556	-0.00262008	-0.999963	0.198208
0.00920139	0.00353086	-0.999951	0.199742
0.00331067	0.00279482	-0.999991	0.199696
-0.000633315	0.00146642	-0.999999	0.200205
0.00108227	-0.000160363	-0.999999	0.19982
-0.00576309	0.00984453	-0.999935	0.200353
0.00411632	0.000177923	-0.999992	0.199231
0.0157878	-0.000766168	-0.999875	0.196482
-0.00581426	0.000231717	-0.999983	0.199725
-0.000422177	0.000433384	-1	0.199472
0.00128826	-0.000425635	-0.999999	0.200093
0.00126299	0.000601456	-0.999999	0.199838
-0.00143945	0.00200168	-0.999997	0.2
0.00400488	-0.00071952	-0.999992	0.19895
0.00340486	0.00164749	-0.999993	0.199825
-0.00617842	-0.00290859	-0.999977	0.200089
0.00389301	-0.0035906	-0.999986	0.199437
0.0102963	0.00575219	-0.99993	0.197847
-0.00265674	-0.000815026	-0.999996	0.200119
0.00919435	0.00164497	-0.999956	0.199838
0.000117701	-0.0124739	-0.999922	0.199385
0.00332812	-0.00702059	-0.99997	0.199112
0.0100349	0.00546403	-0.999935	0.201354
0.0044514	-0.00293829	-0.999986	0.199692
0.00139075	0.00086614	-0.999999	0.199842
0.0159964	0.0162797	-0.99974	0.201885
0.00650998	0.00214709	-0.999977	0.199668
0.00438023	-0.000859201	-0.99999	0.199721
0.00112148	-0.00372154	-0.999992	0.199856
0.00985347	-0.00694615	-0.999927	0.201458
-1.65152e-05	0.00230404	-0.999997	0.199923
0.00879312	0.00283785	-0.999957	0.199328
-0.00346818	-0.0127696	-0.999912	0.195875
-0.0157733	0.00261685	-0.999872	0.197305
-0.00313352	-0.000368468	-0.999995	0.199336
0.00858048	0.000544965	-0.999963	0.198948
0.00982025	-0.00118974	-0.999951	0.20009
0.00850259	0.00533718	-0.99995	0.199755
0.00674419	0.00490798	-0.999965	0.200134
0.00236663	0.000601084	-0.999997	0.199126
0.0177495	0.00206849	-0.99984	0.199382
-0.0060377	0.000933322	-0.999981	0.199558
0.00849759	-0.00292061	-0.99996	0.198501
0.00574509	-0.0085784	-0.999947	0.19871
0.00570316	-0.00366667	-0.999977	0.201364
-0.00870598	0.00143215	-0.999961	0.20185
0.00478243	0.00255139	-0.999985	0.199226
0.00445804	-0.00113094	-0.999989	0.19892
0.00205594	0.00570954	-0.999982	0.200628
0.00824329	0.00751057	-0.999938	0.198627
-0.00466941	-0.000897469	-0.999989	0.199568
-0.00063997	-0.000133723	-1	0.200189
-0.00741142	-0.000725834	-0.999972	0.19879
0.00544836	-0.0047046	-0.999974	0.200019
-0.0046085	-0.00680961	-0.999966	0.199385
0.00953965	0.00545437	-0.99994	0.200392
0.00618055	-0.00402873	-0.999973	0.198677
-0.00322078	-0.00188499	-0.999993	0.200561
-0.000575022	0.00557358	-0.999984	0.199279
-0.00161473	-3.10009e-05	-0.999999	0.199689
-0.00354872	-0.00169855	-0.999992	0.200119
0.000745452	-0.00121724	-0.999999	0.200361
-0.0010746	-0.000827605	-0.999999	0.200033
-0.00247966	0.000340182	-0.999997	0.198814
0.00459451	0.00387386	-0.999982	0.199816
-0.00108075	-0.000676288	-0.999999	0.200067
-0.00211729	-0.000954055	-0.999997	0.199561
0.00196005	-0.00350972	-0.999992	0.199399
0.00318586	0.00301614	-0.99999	0.19931
-0.013763	-0.00956762	-0.99986	0.200866
0.00372461	0.00024979	-0.999993	0.199424
0.0023983	-0.000531525	-0.999997	0.200212
0.00387377	0.00374216	-0.999985	0.199164
-0.00367979	-0.000281797	-0.999993	0.199602
0.000845023	3.46118e-05	-1	0.199421
-0.00420109	-0.00103229	-0.999991	0.199742
-0.00179824	8.24531e-05	-0.999998	0.199399
-0.00259991	-0.00172871	-0.999995	0.200236
0.00143848	0.00293072	-0.999995	0.199854
0.00528316	-0.00356032	-0.99998	0.199129
0.00392552	0.00144797	-0.999991	0.200517
0.0143033	-6.36555e-05	-0.999898	0.201395
0.999747	0.00614623	-0.0216525	0.29724
-0.00179821	-0.00158278	-0.999997	0.200278
-0.00374862	-0.00345893	-0.999987	0.199859
0.00253604	-0.00338318	-0.999991	0.199614
-0.00312733	0.00179117	-0.999994	0.200207
-0.00067458	0.00135854	-0.999999	0.199695
-0.000264632	-0.00191745	-0.999998	0.200137
-0.00658759	0.00183959	-0.999977	0.199753
-0.00177417	-0.00619329	-0.999979	0.200132
0.000558084	-0.000911455	-0.999999	0.199709
8.68783e-06	0.00429246	-0.999991	0.200735
0.00252019	0.000902908	-0.999996	0.199689
0.000528217	0.00407889	-0.999992	0.199364
-0.00360547	0.00158694	-0.999992	0.200499
-0.00302025	-0.000831456	-0.999995	0.200014
0.00196236	-0.00100901	-0.999998	0.200129
-0.00852142	-0.00494074	-0.999952	0.202154
0.00636747	0.00901238	-0.999939	0.199691
0.00458078	-0.00365469	-0.999983	0.200182
0.00368996	0.00492424	-0.999981	0.200294
-0.0037621	0.000264869	-0.999993	0.200193
0.0233735	0.00406852	-0.999718	0.196576
-0.00103347	0.004982	-0.999987	0.198814
0.00763056	-4.57908e-05	-0.999971	0.199886
0.00269009	0.0037406	-0.999989	0.199809
0.00616055	-0.00238469	-0.999978	0.199926
-0.0144243	-0.00265422	-0.999892	0.196945
0.00283352	0.0105035	-0.999941	0.196871
-0.000916851	0.000382008	-0.999999	0.200001
0.00909179	-0.000438761	-0.999959	0.199493
-0.0166556	-0.0032434	-0.999856	0.19969
0.00214678	-0.0060293	-0.999979	0.201004
-0.00461437	0.00046046	-0.999989	0.200188
-0.000999224	0.000419508	-0.999999	0.199399
0.0149007	-0.00412039	-0.99988	0.20151
-0.00303331	0.0026798	-0.999992	0.201214
0.00291742	-0.00951721	-0.99995	0.198634
0.00200436	-0.000875772	-0.999998	0.200333
0.00533594	0.000176666	-0.999986	0.199258
0.00343217	0.00497208	-0.999982	0.198549
-0.00365582	-0.00197688	-0.999991	0.198418
0.0260026	0.0133897	-0.999572	0.197969
-0.00551205	-0.00692637	-0.999961	0.197934
-0.0018118	-0.0021548	-0.999996	0.200199
-0.00242962	0.00313252	-0.999992	0.201285
-0.00256954	0.000508233	-0.999997	0.199125
0.00222618	-0.000287056	-0.999997	0.200054
0.0188603	0.00580219	-0.999805	0.195993
0.0134483	-0.00468213	-0.999899	0.197919
-0.00463379	0.0119903	-0.999917	0.197967
0.00224657	-0.00103499	-0.999997	0.199697
0.00027423	-0.000400969	-1	0.200103
0.00212449	-0.0064099	-0.999977	0.200962
0.000746986	0.00612228	-0.999981	0.202096
0.00295587	0.00107994	-0.999995	0.200469
0.0068643	0.00132456	-0.999976	0.20033
-0.0131406	0.0134284	-0.999824	0.199719
-0.0080653	0.000142352	-0.999968	0.199499
0.00398725	-0.00326947	-0.999987	0.199929
-0.0197107	-0.00485051	-0.999794	0.199503
-0.0135203	0.000481201	-0.999908	0.199797
0.00137935	0.00128548	-0.999998	0.200267
0.999712	0.0105062	-0.0215932	0.299044
-0.014692	0.00641254	-0.999871	0.197261
0.00137972	0.000387955	-0.999999	0.199869
0.00554433	0.000146645	-0.999985	0.199355
0.00328654	-0.0032321	-0.999989	0.200476
0.00567873	0.00365355	-0.999977	0.199014
0.999999	-0.000193533	-0.00167047	0.300752
-0.0123944	0.0015927	-0.999922	0.200054
0.00778189	-0.000868226	-0.999969	0.198066
-0.00318718	-0.00294202	-0.999991	0.199535
-0.0167379	0.00379841	-0.999853	0.197451
-0.00175402	-0.00029661	-0.999998	0.200265
-0.0215933	0.00215646	-0.999765	0.202859
0.999953	0.0011049	-0.00963131	0.29912
0.0150641	0.00885766	-0.999847	0.201034
0.0143804	0.00710746	-0.999871	0.198426
-0.00164681	-0.00243276	-0.999996	0.199098
0.00142119	-0.000921248	-0.999999	0.200024
-0.00266649	0.00155046	-0.999995	0.199852
0.00772563	0.00325727	-0.999965	0.198443
-0.0036119	-0.00300514	-0.999989	0.199093
-0.00249077	-0.000115189	-0.999997	0.199287
-0.00122562	-0.00311967	-0.999994	0.19964
-0.000223633	-0.00208854	-0.999998	0.199065
-0.000550656	-6.58807e-05	-1	0.200191
0.0012584	-0.00349302	-0.999993	0.199713
0.00869486	0.00818754	-0.999929	0.198729
0.00459566	0.0070827	-0.999964	0.200288
-4.89883e-05	0.00536755	-0.999986	0.199497
-0.00400903	0.00135027	-0.999991	0.19886
0.00672682	-0.00642814	-0.999957	0.199398
-0.00660885	0.00406497	-0.99997	0.200756
-0.00795582	-0.00827163	-0.999934	0.202224
-0.00708345	0.00158283	-0.999974	0.199311
-0.00845806	0.00638268	-0.999944	0.199003
0.0013777	-0.013276	-0.999911	0.202144
0.00261868	0.00374214	-0.99999	0.199793
0.012614	0.00794289	-0.999889	0.201663
0.00446115	-0.000727674	-0.99999	0.199422
0.0237778	-0.0115695	-0.99965	0.196985
0.0052375	0.00127894	-0.999986	0.199756
0.00389036	0.00298091	-0.999988	0.200377
0.00370744	-0.00189255	-0.999991	0.200149
-0.00271871	0.000730179	-0.999996	0.201009
-0.00960205	0.00318906	-0.999949	0.199956
0.00115007	-0.00355	-0.999993	0.200601
0.00105661	-0.000381374	-0.999999	0.200199
-0.00254895	-0.00414156	-0.999988	0.199915
0.00435761	0.00059832	-0.99999	0.199742
0.00226836	-0.000378722	-0.999997	0.199607
0.00438039	0.00249553	-0.999987	0.199435
-0.00278884	-0.00208615	-0.999994	0.200495
0.0103235	-0.00946116	-0.999902	0.199917
-0.00885501	0.00152618	-0.99996	0.199711
0.00157756	-0.00176527	-0.999997	0.199809
0.00644488	-0.00224434	-0.999977	0.201174
-0.00285823	-0.00533153	-0.999982	0.199077
-0.00163082	-0.00516071	-0.999985	0.199308
0.00245834	-0.0018476	-0.999995	0.199965
0.00241385	0.000529403	-0.999997	0.200858
0.999985	-0.000756421	0.00536358	0.300009
-0.00502014	0.00165175	-0.999986	0.199115
0.00208172	0.00292084	-0.999994	0.200091
-0.00487553	-0.00233108	-0.999985	0.199661
0.000482617	-0.000224068	-1	0.199803
-0.000539661	-0.0020807	-0.999998	0.20014
-0.00986721	-0.00491593	-0.999939	0.198595
0.00250699	-0.000168271	-0.999997	0.199945
