2	0.0353281	-0.0307981	-0.998901	0.201337
3	-0.0194448	-0.00591287	-0.999793	0.193987
4	-0.988099	-0.153688	-0.00641203	0.240357
5	0.00883821	-0.00970594	-0.999914	0.199226
6	-0.0570418	0.00133708	-0.998371	0.203519
8	-0.008078	-0.0155835	-0.999846	0.19832
9	0.0107346	0.0133843	-0.999853	0.199158
10	-0.0194448	-0.00591287	-0.999793	0.193987
11	-0.988099	-0.153688	-0.00641203	0.240357
12	0.00883821	-0.00970594	-0.999914	0.199226
13	-0.0570418	0.00133708	-0.998371	0.203519
15	-0.008078	-0.0155835	-0.999846	0.19832
16	0.0107346	0.0133843	-0.999853	0.199158
17	-0.0194448	-0.00591287	-0.999793	0.193987
18	-0.988099	-0.153688	-0.00641203	0.240357
19	0.00883821	-0.00970594	-0.999914	0.199226
20	-0.0570418	0.00133708	-0.998371	0.203519
22	-0.008078	-0.0155835	-0.999846	0.19832
23	0.0107346	0.0133843	-0.999853	0.199158
24	-0.0194448	-0.00591287	-0.999793	0.193987
25	-0.988099	-0.153688	-0.00641203	0.240357
26	0.00883821	-0.00970594	-0.999914	0.199226
27	-0.0570418	0.00133708	-0.998371	0.203519
29	-0.008078	-0.0155835	-0.999846	0.19832
30	0.0107346	0.0133843	-0.999853	0.199158
31	-0.0194448	-0.00591287	-0.999793	0.193987
32	-0.988099	-0.153688	-0.00641203	0.240357
33	0.00883821	-0.00970594	-0.999914	0.199226
34	-0.0570418	0.00133708	-0.998371	0.203519
36	-0.008078	-0.0155835	-0.999846	0.19832
37	0.0107346	0.0133843	-0.999853	0.199158
38	-0.0194448	-0.00591287	-0.999793	0.193987
39	-0.988099	-0.153688	-0.00641203	0.240357
40	0.00883821	-0.00970594	-0.999914	0.199226
41	-0.0570418	0.00133708	-0.998371	0.203519
43	-0.008078	-0.0155835	-0.999846	0.19832
44	0.0107346	0.0133843	-0.999853	0.199158
45	-0.0194448	-0.00591287	-0.999793	0.193987
46	-0.988099	-0.153688	-0.00641203	0.240357
47	0.00883821	-0.00970594	-0.999914	0.199226
48	-0.0570418	0.00133708	-0.998371	0.203519
50	-0.008078	-0.0155835	-0.999846	0.19832
51	0.0107346	0.0133843	-0.999853	0.199158
52	-0.0194448	-0.00591287	-0.999793	0.193987
53	-0.988099	-0.153688	-0.00641203	0.240357
54	0.00883821	-0.00970594	-0.999914	0.199226
55	-0.0570418	0.00133708	-0.998371	0.203519
57	-0.008078	-0.0155835	-0.999846	0.19832
58	0.0107346	0.0133843	-0.999853	0.199158
59	-0.0194448	-0.00591287	-0.999793	0.193987
60	-0.988099	-0.153688	-0.00641203	0.240357
61	0.00883821	-0.00970594	-0.999914	0.199226
62	-0.0570418	0.00133708	-0.998371	0.203519
64	-0.008078	-0.0155835	-0.999846	0.19832
65	0.0107346	0.0133843	-0.999853	0.199158
66	-0.0194448	-0.00591287	-0.999793	0.193987
67	-0.988099	-0.153688	-0.00641203	0.240357
68	0.00883821	-0.00970594	-0.999914	0.199226
69	-0.0570418	0.00133708	-0.998371	0.203519
71	-0.008078	-0.0155835	-0.999846	0.19832
72	0.0107346	0.0133843	-0.999853	0.199158
73	-0.0194448	-0.00591287	-0.999793	0.193987
74	-0.988099	-0.153688	-0.00641203	0.240357
75	0.00883821	-0.00970594	-0.999914	0.199226
76	-0.0570418	0.00133708	-0.998371	0.203519
78	-0.008078	-0.0155835	-0.999846	0.19832
79	0.0107346	0.0133843	-0.999853	0.199158
80	-0.0194448	-0.00591287	-0.999793	0.193987
81	-0.988099	-0.153688	-0.00641203	0.240357
82	0.00883821	-0.00970594	-0.999914	0.199226
83	-0.0570418	0.00133708	-0.998371	0.203519
85	-0.008078	-0.0155835	-0.999846	0.19832
86	0.0107346	0.0133843	-0.999853	0.199158
87	-0.0194448	-0.00591287	-0.999793	0.193987
88	-0.988099	-0.153688	-0.00641203	0.240357
89	0.00883821	-0.00970594	-0.999914	0.199226
90	-0.0570418	0.00133708	-0.998371	0.203519
92	-0.008078	-0.0155835	-0.999846	0.19832
93	0.0107346	0.0133843	-0.999853	0.199158
94	-0.0194448	-0.00591287	-0.999793	0.193987
95	-0.988099	-0.153688	-0.00641203	0.240357
96	0.00883821	-0.00970594	-0.999914	0.199226
97	-0.0570418	0.00133708	-0.998371	0.203519
99	-0.008078	-0.0155835	-0.999846	0.19832
100	0.0107346	0.0133843	-0.999853	0.199158
101	-0.0194448	-0.00591287	-0.999793	0.193987
102	-0.988099	-0.153688	-0.00641203	0.240357
103	0.00883821	-0.00970594	-0.999914	0.199226
104	-0.0570418	0.00133708	-0.998371	0.203519
106	-0.008078	-0.0155835	-0.999846	0.19832
107	0.0107346	0.0133843	-0.999853	0.199158
108	-0.0194448	-0.00591287	-0.999793	0.193987
109	-0.988099	-0.153688	-0.00641203	0.240357
110	0.00883821	-0.00970594	-0.999914	0.199226
111	-0.0570418	0.00133708	-0.998371	0.203519
113	-0.008078	-0.0155835	-0.999846	0.19832
114	0.0107346	0.0133843	-0.999853	0.199158
115	-0.0194448	-0.00591287	-0.999793	0.193987
116	-0.988099	-0.153688	-0.00641203	0.240357
117	0.00883821	-0.00970594	-0.999914	0.199226
118	-0.0570418	0.00133708	-0.998371	0.203519
120	-0.008078	-0.0155835	-0.999846	0.19832
121	0.0107346	0.0133843	-0.999853	0.199158
122	-0.0194448	-0.00591287	-0.999793	0.193987
123	-0.988099	-0.153688	-0.00641203	0.240357
124	0.00883821	-0.00970594	-0.999914	0.199226
125	-0.0570418	0.00133708	-0.998371	0.203519
127	-0.008078	-0.0155835	-0.999846	0.19832
128	0.0107346	0.0133843	-0.999853	0.199158
129	-0.0194448	-0.00591287	-0.999793	0.193987
130	-0.988099	-0.153688	-0.00641203	0.240357
131	0.00883821	-0.00970594	-0.999914	0.199226
132	-0.0570418	0.00133708	-0.998371	0.203519
134	-0.008078	-0.0155835	-0.999846	0.19832
135	0.0107346	0.0133843	-0.999853	0.199158
136	-0.0194448	-0.00591287	-0.999793	0.193987
137	-0.988099	-0.153688	-0.00641203	0.240357
138	0.00883821	-0.00970594	-0.999914	0.199226
139	-0.0570418	0.00133708	-0.998371	0.203519
141	-0.008078	-0.0155835	-0.999846	0.19832
142	0.0107346	0.0133843	-0.999853	0.199158
143	-0.0194448	-0.00591287	-0.999793	0.193987
144	-0.988099	-0.153688	-0.00641203	0.240357
145	0.00883821	-0.00970594	-0.999914	0.199226
146	-0.0570418	0.00133708	-0.998371	0.203519
148	-0.008078	-0.0155835	-0.999846	0.19832
149	0.0107346	0.0133843	-0.999853	0.199158
150	-0.0194448	-0.00591287	-0.999793	0.193987
151	-0.988099	-0.153688	-0.00641203	0.240357
152	0.00883821	-0.00970594	-0.999914	0.199226
153	-0.0570418	0.00133708	-0.998371	0.203519
155	-0.008078	-0.0155835	-0.999846	0.19832
156	0.0107346	0.0133843	-0.999853	0.199158
157	-0.0194448	-0.00591287	-0.999793	0.193987
158	-0.988099	-0.153688	-0.00641203	0.240357
159	0.00883821	-0.00970594	-0.999914	0.199226
160	-0.0570418	0.00133708	-0.998371	0.203519
162	-0.008078	-0.0155835	-0.999846	0.19832
163	0.0107346	0.0133843	-0.999853	0.199158
164	-0.0194448	-0.00591287	-0.999793	0.193987
165	-0.988099	-0.153688	-0.00641203	0.240357
166	0.00883821	-0.00970594	-0.999914	0.199226
167	-0.0570418	0.00133708	-0.998371	0.203519
169	-0.008078	-0.0155835	-0.999846	0.19832
170	0.0107346	0.0133843	-0.999853	0.199158
171	-0.0194448	-0.00591287	-0.999793	0.193987
172	-0.988099	-0.153688	-0.00641203	0.240357
173	0.00883821	-0.00970594	-0.999914	0.199226
174	-0.0570418	0.00133708	-0.998371	0.203519
176	-0.008078	-0.0155835	-0.999846	0.19832
177	0.0107346	0.0133843	-0.999853	0.199158
178	-0.0194448	-0.00591287	-0.999793	0.193987
179	-0.988099	-0.153688	-0.00641203	0.240357
180	0.00883821	-0.00970594	-0.999914	0.199226
181	-0.0570418	0.00133708	-0.998371	0.203519
183	-0.008078	-0.0155835	-0.999846	0.19832
184	0.0107346	0.0133843	-0.999853	0.199158
185	-0.0194448	-0.00591287	-0.999793	0.193987
186	-0.988099	-0.153688	-0.00641203	0.240357
187	0.00883821	-0.00970594	-0.999914	0.199226
188	-0.0570418	0.00133708	-0.998371	0.203519
190	-0.008078	-0.0155835	-0.999846	0.19832
191	0.0107346	0.0133843	-0.999853	0.199158
192	-0.0194448	-0.00591287	-0.999793	0.193987
193	-0.988099	-0.153688	-0.00641203	0.240357
194	0.00883821	-0.00970594	-0.999914	0.199226
195	-0.0570418	0.00133708	-0.998371	0.203519
197	-0.008078	-0.0155835	-0.999846	0.19832
198	0.0107346	0.0133843	-0.999853	0.199158
199	-0.0194448	-0.00591287	-0.999793	0.193987
200	-0.988099	-0.153688	-0.00641203	0.240357
201	0.00883821	-0.00970594	-0.999914	0.199226
202	-0.0570418	0.00133708	-0.998371	0.203519
204	-0.008078	-0.0155835	-0.999846	0.19832
205	0.0107346	0.0133843	-0.999853	0.199158
206	-0.0194448	-0.00591287	-0.999793	0.193987
207	-0.988099	-0.153688	-0.00641203	0.240357
208	0.00883821	-0.00970594	-0.999914	0.199226
209	-0.0570418	0.00133708	-0.998371	0.203519
211	-0.008078	-0.0155835	-0.999846	0.19832
212	0.0107346	0.0133843	-0.999853	0.199158
213	-0.0194448	-0.00591287	-0.999793	0.193987
214	-0.988099	-0.153688	-0.00641203	0.240357
215	0.00883821	-0.00970594	-0.999914	0.199226
216	-0.0570418	0.00133708	-0.998371	0.203519
218	-0.008078	-0.0155835	-0.999846	0.19832
219	0.0107346	0.0133843	-0.999853	0.199158
220	-0.0194448	-0.00591287	-0.999793	0.193987
221	-0.988099	-0.153688	-0.00641203	0.240357
222	0.00883821	-0.00970594	-0.999914	0.199226
223	-0.0570418	0.00133708	-0.998371	0.203519
225	-0.008078	-0.0155835	-0.999846	0.19832
226	0.0107346	0.0133843	-0.999853	0.199158
227	-0.0194448	-0.00591287	-0.999793	0.193987
228	-0.988099	-0.153688	-0.00641203	0.240357
229	0.00883821	-0.00970594	-0.999914	0.199226
230	-0.0570418	0.00133708	-0.998371	0.203519
232	-0.008078	-0.0155835	-0.999846	0.19832
233	0.0107346	0.0133843	-0.999853	0.199158
234	-0.0194448	-0.00591287	-0.999793	0.193987
235	-0.988099	-0.153688	-0.00641203	0.240357
236	0.00883821	-0.00970594	-0.999914	0.199226
237	-0.0570418	0.00133708	-0.998371	0.203519
239	-0.008078	-0.0155835	-0.999846	0.19832
240	0.0107346	0.0133843	-0.999853	0.199158
241	-0.0194448	-0.00591287	-0.999793	0.193987
242	-0.988099	-0.153688	-0.00641203	0.240357
243	0.00883821	-0.00970594	-0.999914	0.199226
244	-0.0570418	0.00133708	-0.998371	0.203519
246	-0.008078	-0.0155835	-0.999846	0.19832
247	0.0107346	0.0133843	-0.999853	0.199158
248	-0.0194448	-0.00591287	-0.999793	0.193987
249	-0.988099	-0.153688	-0.00641203	0.240357
250	0.00883821	-0.00970594	-0.999914	0.199226
251	-0.0570418	0.00133708	-0.998371	0.203519
253	-0.008078	-0.0155835	-0.999846	0.19832
254	0.0107346	0.0133843	-0.999853	0.199158
255	-0.0194448	-0.00591287	-0.999793	0.193987
256	-0.988099	-0.153688	-0.00641203	0.240357
257	0.00883821	-0.00970594	-0.999914	0.199226
258	-0.0570418	0.00133708	-0.998371	0.203519
260	-0.008078	-0.0155835	-0.999846	0.19832
261	0.0107346	0.0133843	-0.999853	0.199158
262	-0.0194448	-0.00591287	-0.999793	0.193987
263	-0.988099	-0.153688	-0.00641203	0.240357
264	0.00883821	-0.00970594	-0.999914	0.199226
265	-0.0570418	0.00133708	-0.998371	0.203519
267	-0.008078	-0.0155835	-0.999846	0.19832
268	0.0107346	0.0133843	-0.999853	0.199158
269	-0.0194448	-0.00591287	-0.999793	0.193987
270	-0.988099	-0.153688	-0.00641203	0.240357
271	0.00883821	-0.00970594	-0.999914	0.199226
272	-0.0570418	0.00133708	-0.998371	0.203519
274	-0.008078	-0.0155835	-0.999846	0.19832
275	0.0107346	0.0133843	-0.999853	0.199158
276	-0.0194448	-0.00591287	-0.999793	0.193987
277	-0.988099	-0.153688	-0.00641203	0.240357
278	0.00883821	-0.00970594	-0.999914	0.199226
279	-0.0570418	0.00133708	-0.998371	0.203519
281	-0.008078	-0.0155835	-0.999846	0.19832
282	0.0107346	0.0133843	-0.999853	0.199158
283	-0.0194448	-0.00591287	-0.999793	0.193987
284	-0.988099	-0.153688	-0.00641203	0.240357
285	0.00883821	-0.00970594	-0.999914	0.199226
286	-0.0570418	0.00133708	-0.998371	0.203519
288	-0.008078	-0.0155835	-0.999846	0.19832
289	0.0107346	0.0133843	-0.999853	0.199158
290	-0.0194448	-0.00591287	-0.999793	0.193987
291	-0.988099	-0.153688	-0.00641203	0.240357
292	0.00883821	-0.00970594	-0.999914	0.199226
293	-0.0570418	0.00133708	-0.998371	0.203519
295	-0.008078	-0.0155835	-0.999846	0.19832
296	0.0107346	0.0133843	-0.999853	0.199158
297	-0.0194448	-0.00591287	-0.999793	0.193987
298	-0.988099	-0.153688	-0.00641203	0.240357
299	0.00883821	-0.00970594	-0.999914	0.199226
300	-0.0570418	0.00133708	-0.998371	0.203519
302	-0.008078	-0.0155835	-0.999846	0.19832
303	0.0107346	0.0133843	-0.999853	0.199158
304	-0.0194448	-0.00591287	-0.999793	0.193987
305	-0.988099	-0.153688	-0.00641203	0.240357
306	0.00883821	-0.00970594	-0.999914	0.199226
307	-0.0570418	0.00133708	-0.998371	0.203519
309	-0.008078	-0.0155835	-0.999846	0.19832
310	0.0107346	0.0133843	-0.999853	0.199158
311	-0.0194448	-0.00591287	-0.999793	0.193987
312	-0.988099	-0.153688	-0.00641203	0.240357
313	0.00883821	-0.00970594	-0.999914	0.199226
314	-0.0570418	0.00133708	-0.998371	0.203519
316	-0.008078	-0.0155835	-0.999846	0.19832
317	0.0107346	0.0133843	-0.999853	0.199158
318	-0.0194448	-0.00591287	-0.999793	0.193987
319	-0.988099	-0.153688	-0.00641203	0.240357
320	0.00883821	-0.00970594	-0.999914	0.199226
321	-0.0570418	0.00133708	-0.998371	0.203519
323	-0.008078	-0.0155835	-0.999846	0.19832
324	0.0107346	0.0133843	-0.999853	0.199158
325	-0.0194448	-0.00591287	-0.999793	0.193987
326	-0.988099	-0.153688	-0.00641203	0.240357
327	0.00883821	-0.00970594	-0.999914	0.199226
328	-0.0570418	0.00133708	-0.998371	0.203519
330	-0.008078	-0.0155835	-0.999846	0.19832
331	0.0107346	0.0133843	-0.999853	0.199158
332	-0.0194448	-0.00591287	-0.999793	0.193987
333	-0.988099	-0.153688	-0.00641203	0.240357
334	0.00883821	-0.00970594	-0.999914	0.199226
335	-0.0570418	0.00133708	-0.998371	0.203519
337	-0.008078	-0.0155835	-0.999846	0.19832
338	0.0107346	0.0133843	-0.999853	0.199158
339	-0.0194448	-0.00591287	-0.999793	0.193987
340	-0.988099	-0.153688	-0.00641203	0.240357
341	0.00883821	-0.00970594	-0.999914	0.199226
342	-0.0570418	0.00133708	-0.998371	0.203519
344	-0.008078	-0.0155835	-0.999846	0.19832
345	0.0107346	0.0133843	-0.999853	0.199158
346	-0.0194448	-0.00591287	-0.999793	0.193987
347	-0.988099	-0.153688	-0.00641203	0.240357
348	0.00883821	-0.00970594	-0.999914	0.199226
349	-0.0570418	0.00133708	-0.998371	0.203519
351	-0.008078	-0.0155835	-0.999846	0.19832
352	0.0107346	0.0133843	-0.999853	0.199158
353	-0.0194448	-0.00591287	-0.999793	0.193987
354	-0.988099	-0.153688	-0.00641203	0.240357
355	0.00883821	-0.00970594	-0.999914	0.199226
356	-0.0570418	0.00133708	-0.998371	0.203519
358	-0.008078	-0.0155835	-0.999846	0.19832
359	0.0107346	0.0133843	-0.999853	0.199158
360	-0.0194448	-0.00591287	-0.999793	0.193987
361	-0.988099	-0.153688	-0.00641203	0.240357
362	0.00883821	-0.00970594	-0.999914	0.199226
363	-0.0570418	0.00133708	-0.998371	0.203519
365	-0.008078	-0.0155835	-0.999846	0.19832
366	0.0107346	0.0133843	-0.999853	0.199158
367	-0.0194448	-0.00591287	-0.999793	0.193987
368	-0.988099	-0.153688	-0.00641203	0.240357
369	0.00883821	-0.00970594	-0.999914	0.199226
370	-0.0570418	0.00133708	-0.998371	0.203519
372	-0.008078	-0.0155835	-0.999846	0.19832
373	0.0107346	0.0133843	-0.999853	0.199158
374	-0.0194448	-0.00591287	-0.999793	0.193987
375	-0.988099	-0.153688	-0.00641203	0.240357
376	0.00883821	-0.00970594	-0.999914	0.199226
377	-0.0570418	0.00133708	-0.998371	0.203519
379	-0.008078	-0.0155835	-0.999846	0.19832
380	0.0107346	0.0133843	-0.999853	0.199158
381	-0.0194448	-0.00591287	-0.999793	0.193987
382	-0.988099	-0.153688	-0.00641203	0.240357
383	0.00883821	-0.00970594	-0.999914	0.199226
384	-0.0570418	0.00133708	-0.998371	0.203519
386	-0.008078	-0.0155835	-0.999846	0.19832
387	0.0107346	0.0133843	-0.999853	0.199158
388	-0.0194448	-0.00591287	-0.999793	0.193987
389	-0.988099	-0.153688	-0.00641203	0.240357
390	0.00883821	-0.00970594	-0.999914	0.199226
391	-0.0570418	0.00133708	-0.998371	0.203519
393	-0.008078	-0.0155835	-0.999846	0.19832
394	0.0107346	0.0133843	-0.999853	0.199158
395	-0.0194448	-0.00591287	-0.999793	0.193987
396	-0.988099	-0.153688	-0.00641203	0.240357
397	0.00883821	-0.00970594	-0.999914	0.199226
398	-0.0570418	0.00133708	-0.998371	0.203519
400	-0.008078	-0.0155835	-0.999846	0.19832
401	0.0107346	0.0133843	-0.999853	0.199158
402	-0.0194448	-0.00591287	-0.999793	0.193987
403	-0.988099	-0.153688	-0.00641203	0.240357
404	0.00883821	-0.00970594	-0.999914	0.199226
405	-0.0570418	0.00133708	-0.998371	0.203519
407	-0.008078	-0.0155835	-0.999846	0.19832
408	0.0107346	0.0133843	-0.999853	0.199158
409	-0.0194448	-0.00591287	-0.999793	0.193987
410	-0.988099	-0.153688	-0.00641203	0.240357
411	0.00883821	-0.00970594	-0.999914	0.199226
412	-0.0570418	0.00133708	-0.998371	0.203519
414	-0.008078	-0.0155835	-0.999846	0.19832
415	0.0107346	0.0133843	-0.999853	0.199158
416	-0.0194448	-0.00591287	-0.999793	0.193987
417	-0.988099	-0.153688	-0.00641203	0.240357
418	0.00883821	-0.00970594	-0.999914	0.199226
419	-0.0570418	0.00133708	-0.998371	0.203519
421	-0.008078	-0.0155835	-0.999846	0.19832
422	0.0107346	0.0133843	-0.999853	0.199158
423	-0.0194448	-0.00591287	-0.999793	0.193987
424	-0.988099	-0.153688	-0.00641203	0.240357
425	0.00883821	-0.00970594	-0.999914	0.199226
426	-0.0570418	0.00133708	-0.998371	0.203519
428	-0.008078	-0.0155835	-0.999846	0.19832
429	0.0107346	0.0133843	-0.999853	0.199158
430	-0.0194448	-0.00591287	-0.999793	0.193987
431	-0.988099	-0.153688	-0.00641203	0.240357
432	0.00883821	-0.00970594	-0.999914	0.199226
433	-0.0570418	0.00133708	-0.998371	0.203519
435	-0.008078	-0.0155835	-0.999846	0.19832
436	0.0107346	0.0133843	-0.999853	0.199158
437	-0.0194448	-0.00591287	-0.999793	0.193987
438	-0.988099	-0.153688	-0.00641203	0.240357
439	0.00883821	-0.00970594	-0.999914	0.199226
440	-0.0570418	0.00133708	-0.998371	0.203519
442	-0.008078	-0.0155835	-0.999846	0.19832
443	0.0107346	0.0133843	-0.999853	0.199158
444	-0.0194448	-0.00591287	-0.999793	0.193987
445	-0.988099	-0.153688	-0.00641203	0.240357
446	0.00883821	-0.00970594	-0.999914	0.199226
447	-0.0570418	0.00133708	-0.998371	0.203519
449	-0.008078	-0.0155835	-0.999846	0.19832
450	0.0107346	0.0133843	-0.999853	0.199158
451	-0.0194448	-0.00591287	-0.999793	0.193987
452	-0.988099	-0.153688	-0.00641203	0.240357
453	0.00883821	-0.00970594	-0.999914	0.199226
454	-0.0570418	0.00133708	-0.998371	0.203519
456	-0.008078	-0.0155835	-0.999846	0.19832
457	0.0107346	0.0133843	-0.999853	0.199158
458	-0.0194448	-0.00591287	-0.999793	0.193987
459	-0.988099	-0.153688	-0.00641203	0.240357
460	0.00883821	-0.00970594	-0.999914	0.199226
461	-0.0570418	0.00133708	-0.998371	0.203519
463	-0.008078	-0.0155835	-0.999846	0.19832
464	0.0107346	0.0133843	-0.999853	0.199158
465	-0.0194448	-0.00591287	-0.999793	0.193987
466	-0.988099	-0.153688	-0.00641203	0.240357
467	0.00883821	-0.00970594	-0.999914	0.199226
468	-0.0570418	0.00133708	-0.998371	0.203519
470	-0.008078	-0.0155835	-0.999846	0.19832
471	0.0107346	0.0133843	-0.999853	0.199158
472	-0.0194448	-0.00591287	-0.999793	0.193987
473	-0.988099	-0.153688	-0.00641203	0.240357
474	0.00883821	-0.00970594	-0.999914	0.199226
475	-0.0570418	0.00133708	-0.998371	0.203519
477	-0.008078	-0.0155835	-0.999846	0.19832
478	0.0107346	0.0133843	-0.999853	0.199158
479	-0.0194448	-0.00591287	-0.999793	0.193987
480	-0.988099	-0.153688	-0.00641203	0.240357
481	0.00883821	-0.00970594	-0.999914	0.199226
482	-0.0570418	0.00133708	-0.998371	0.203519
484	-0.008078	-0.0155835	-0.999846	0.19832
485	0.0107346	0.0133843	-0.999853	0.199158
486	-0.0194448	-0.00591287	-0.999793	0.193987
487	-0.988099	-0.153688	-0.00641203	0.240357
488	0.00883821	-0.00970594	-0.999914	0.199226
489	-0.0570418	0.00133708	-0.998371	0.203519
491	-0.008078	-0.0155835	-0.999846	0.19832
492	0.0107346	0.0133843	-0.999853	0.199158
493	-0.0194448	-0.00591287	-0.999793	0.193987
494	-0.988099	-0.153688	-0.00641203	0.240357
495	0.00883821	-0.00970594	-0.999914	0.199226
496	-0.0570418	0.00133708	-0.998371	0.203519
498	-0.008078	-0.0155835	-0.999846	0.19832
499	0.0107346	0.0133843	-0.999853	0.199158
500	-0.0194448	-0.00591287	-0.999793	0.193987
501	-0.988099	-0.153688	-0.00641203	0.240357
502	0.00883821	-0.00970594	-0.999914	0.199226
503	-0.0570418	0.00133708	-0.998371	0.203519
505	-0.008078	-0.0155835	-0.999846	0.19832
506	0.0107346	0.0133843	-0.999853	0.199158
507	-0.0194448	-0.00591287	-0.999793	0.193987
508	-0.988099	-0.153688	-0.00641203	0.240357
509	0.00883821	-0.00970594	-0.999914	0.199226
512	-0.008078	-0.0155835	-0.999846	0.19832
513	0.0107346	0.0133843	-0.999853	0.199158
514	-0.0194448	-0.00591287	-0.999793	0.193987
515	-0.988099	-0.153688	-0.00641203	0.240357
516	0.00883821	-0.00970594	-0.999914	0.199226
519	-0.008078	-0.0155835	-0.999846	0.19832
520	0.0107346	0.0133843	-0.999853	0.199158
521	-0.0194448	-0.00591287	-0.999793	0.193987
522	-0.988099	-0.153688	-0.00641203	0.240357
523	0.00883821	-0.00970594	-0.999914	0.199226
526	-0.008078	-0.0155835	-0.999846	0.19832
527	0.0107346	0.0133843	-0.999853	0.199158
528	-0.0194448	-0.00591287	-0.999793	0.193987
529	-0.988099	-0.153688	-0.00641203	0.240357
530	0.00883821	-0.00970594	-0.999914	0.199226
533	-0.008078	-0.0155835	-0.999846	0.19832
534	0.0107346	0.0133843	-0.999853	0.199158
535	-0.0194448	-0.00591287	-0.999793	0.193987
536	-0.988099	-0.153688	-0.00641203	0.240357
537	0.00883821	-0.00970594	-0.999914	0.199226
540	-0.008078	-0.0155835	-0.999846	0.19832
541	0.0107346	0.0133843	-0.999853	0.199158
542	-0.0194448	-0.00591287	-0.999793	0.193987
543	-0.988099	-0.153688	-0.00641203	0.240357
544	0.00883821	-0.00970594	-0.999914	0.199226
547	-0.008078	-0.0155835	-0.999846	0.19832
548	0.0107346	0.0133843	-0.999853	0.199158
549	-0.0194448	-0.00591287	-0.999793	0.193987
550	-0.988099	-0.153688	-0.00641203	0.240357
551	0.00883821	-0.00970594	-0.999914	0.199226
554	-0.008078	-0.0155835	-0.999846	0.19832
555	0.0107346	0.0133843	-0.999853	0.199158
556	-0.0194448	-0.00591287	-0.999793	0.193987
557	-0.988099	-0.153688	-0.00641203	0.240357
558	0.00883821	-0.00970594	-0.999914	0.199226
561	-0.008078	-0.0155835	-0.999846	0.19832
562	0.0107346	0.0133843	-0.999853	0.199158
563	-0.0194448	-0.00591287	-0.999793	0.193987
564	-0.988099	-0.153688	-0.00641203	0.240357
565	0.00883821	-0.00970594	-0.999914	0.199226
568	-0.008078	-0.0155835	-0.999846	0.19832
569	0.0107346	0.0133843	-0.999853	0.199158
570	-0.0194448	-0.00591287	-0.999793	0.193987
571	-0.988099	-0.153688	-0.00641203	0.240357
572	0.00883821	-0.00970594	-0.999914	0.199226
575	-0.008078	-0.0155835	-0.999846	0.19832
576	0.0107346	0.0133843	-0.999853	0.199158
577	-0.0194448	-0.00591287	-0.999793	0.193987
578	-0.988099	-0.153688	-0.00641203	0.240357
579	0.00883821	-0.00970594	-0.999914	0.199226
582	-0.008078	-0.0155835	-0.999846	0.19832
583	0.0107346	0.0133843	-0.999853	0.199158
584	-0.0194448	-0.00591287	-0.999793	0.193987
585	-0.988099	-0.153688	-0.00641203	0.240357
586	0.00883821	-0.00970594	-0.999914	0.199226
589	-0.008078	-0.0155835	-0.999846	0.19832
590	0.0107346	0.0133843	-0.999853	0.199158
591	-0.0194448	-0.00591287	-0.999793	0.193987
592	-0.988099	-0.153688	-0.00641203	0.240357
593	0.00883821	-0.00970594	-0.999914	0.199226
596	-0.008078	-0.0155835	-0.999846	0.19832
597	0.0107346	0.0133843	-0.999853	0.199158
598	-0.0194448	-0.00591287	-0.999793	0.193987
599	-0.988099	-0.153688	-0.00641203	0.240357
600	0.00883821	-0.00970594	-0.999914	0.199226
603	-0.008078	-0.0155835	-0.999846	0.19832
604	0.0107346	0.0133843	-0.999853	0.199158
605	-0.0194448	-0.00591287	-0.999793	0.193987
606	-0.988099	-0.153688	-0.00641203	0.240357
607	0.00883821	-0.00970594	-0.999914	0.199226
610	-0.008078	-0.0155835	-0.999846	0.19832
611	0.0107346	0.0133843	-0.999853	0.199158
612	-0.0194448	-0.00591287	-0.999793	0.193987
613	-0.988099	-0.153688	-0.00641203	0.240357
614	0.00883821	-0.00970594	-0.999914	0.199226
617	-0.008078	-0.0155835	-0.999846	0.19832
618	0.0107346	0.0133843	-0.999853	0.199158
619	-0.0194448	-0.00591287	-0.999793	0.193987
620	-0.988099	-0.153688	-0.00641203	0.240357
621	0.00883821	-0.00970594	-0.999914	0.199226
624	-0.008078	-0.0155835	-0.999846	0.19832
625	0.0107346	0.0133843	-0.999853	0.199158
626	-0.0194448	-0.00591287	-0.999793	0.193987
627	-0.988099	-0.153688	-0.00641203	0.240357
628	0.00883821	-0.00970594	-0.999914	0.199226
631	-0.008078	-0.0155835	-0.999846	0.19832
632	0.0107346	0.0133843	-0.999853	0.199158
633	-0.0194448	-0.00591287	-0.999793	0.193987
634	-0.988099	-0.153688	-0.00641203	0.240357
635	0.00883821	-0.00970594	-0.999914	0.199226
638	-0.008078	-0.0155835	-0.999846	0.19832
639	0.0107346	0.0133843	-0.999853	0.199158
640	-0.0194448	-0.00591287	-0.999793	0.193987
641	-0.988099	-0.153688	-0.00641203	0.240357
642	0.00883821	-0.00970594	-0.999914	0.199226
645	-0.008078	-0.0155835	-0.999846	0.19832
646	0.0107346	0.0133843	-0.999853	0.199158
647	-0.0194448	-0.00591287	-0.999793	0.193987
648	-0.988099	-0.153688	-0.00641203	0.240357
649	0.00883821	-0.00970594	-0.999914	0.199226
652	-0.008078	-0.0155835	-0.999846	0.19832
653	0.0107346	0.0133843	-0.999853	0.199158
654	-0.0194448	-0.00591287	-0.999793	0.193987
655	-0.988099	-0.153688	-0.00641203	0.240357
656	0.00883821	-0.00970594	-0.999914	0.199226
659	-0.008078	-0.0155835	-0.999846	0.19832
660	0.0107346	0.0133843	-0.999853	0.199158
661	-0.0194448	-0.00591287	-0.999793	0.193987
662	-0.988099	-0.153688	-0.00641203	0.240357
663	0.00883821	-0.00970594	-0.999914	0.199226
666	-0.008078	-0.0155835	-0.999846	0.19832
667	0.0107346	0.0133843	-0.999853	0.199158
668	-0.0194448	-0.00591287	-0.999793	0.193987
669	-0.988099	-0.153688	-0.00641203	0.240357
670	0.00883821	-0.00970594	-0.999914	0.199226
673	-0.008078	-0.0155835	-0.999846	0.19832
674	0.0107346	0.0133843	-0.999853	0.199158
675	-0.0194448	-0.00591287	-0.999793	0.193987
676	-0.988099	-0.153688	-0.00641203	0.240357
677	0.00883821	-0.00970594	-0.999914	0.199226
680	-0.008078	-0.0155835	-0.999846	0.19832
681	0.0107346	0.0133843	-0.999853	0.199158
682	-0.0194448	-0.00591287	-0.999793	0.193987
683	-0.988099	-0.153688	-0.00641203	0.240357
684	0.00883821	-0.00970594	-0.999914	0.199226
687	-0.008078	-0.0155835	-0.999846	0.19832
688	0.0107346	0.0133843	-0.999853	0.199158
689	-0.0194448	-0.00591287	-0.999793	0.193987
690	-0.988099	-0.153688	-0.00641203	0.240357
691	0.00883821	-0.00970594	-0.999914	0.199226
694	-0.008078	-0.0155835	-0.999846	0.19832
695	0.0107346	0.0133843	-0.999853	0.199158
696	-0.0194448	-0.00591287	-0.999793	0.193987
697	-0.988099	-0.153688	-0.00641203	0.240357
698	0.00883821	-0.00970594	-0.999914	0.199226
701	-0.008078	-0.0155835	-0.999846	0.19832
702	0.0107346	0.0133843	-0.999853	0.199158
703	-0.0194448	-0.00591287	-0.999793	0.193987
704	-0.988099	-0.153688	-0.00641203	0.240357
705	0.00883821	-0.00970594	-0.999914	0.199226
708	-0.008078	-0.0155835	-0.999846	0.19832
709	0.0107346	0.0133843	-0.999853	0.199158
710	-0.0194448	-0.00591287	-0.999793	0.193987
711	-0.988099	-0.153688	-0.00641203	0.240357
712	0.00883821	-0.00970594	-0.999914	0.199226
715	-0.008078	-0.0155835	-0.999846	0.19832
716	0.0107346	0.0133843	-0.999853	0.199158
717	-0.0194448	-0.00591287	-0.999793	0.193987
718	-0.988099	-0.153688	-0.00641203	0.240357
719	0.00883821	-0.00970594	-0.999914	0.199226
722	-0.008078	-0.0155835	-0.999846	0.19832
723	0.0107346	0.0133843	-0.999853	0.199158
724	-0.0194448	-0.00591287	-0.999793	0.193987
725	-0.988099	-0.153688	-0.00641203	0.240357
726	0.00883821	-0.00970594	-0.999914	0.199226
729	-0.008078	-0.0155835	-0.999846	0.19832
730	0.0107346	0.0133843	-0.999853	0.199158
731	-0.0194448	-0.00591287	-0.999793	0.193987
732	-0.988099	-0.153688	-0.00641203	0.240357
733	0.00883821	-0.00970594	-0.999914	0.199226
736	-0.008078	-0.0155835	-0.999846	0.19832
737	0.0107346	0.0133843	-0.999853	0.199158
738	-0.0194448	-0.00591287	-0.999793	0.193987
739	-0.988099	-0.153688	-0.00641203	0.240357
740	0.00883821	-0.00970594	-0.999914	0.199226
743	-0.008078	-0.0155835	-0.999846	0.19832
744	0.0107346	0.0133843	-0.999853	0.199158
745	-0.0194448	-0.00591287	-0.999793	0.193987
746	-0.988099	-0.153688	-0.00641203	0.240357
747	0.00883821	-0.00970594	-0.999914	0.199226
750	-0.008078	-0.0155835	-0.999846	0.19832
751	0.0107346	0.0133843	-0.999853	0.199158
752	-0.0194448	-0.00591287	-0.999793	0.193987
753	-0.988099	-0.153688	-0.00641203	0.240357
754	0.00883821	-0.00970594	-0.999914	0.199226
757	-0.008078	-0.0155835	-0.999846	0.19832
758	0.0107346	0.0133843	-0.999853	0.199158
759	-0.0194448	-0.00591287	-0.999793	0.193987
760	-0.988099	-0.153688	-0.00641203	0.240357
761	0.00883821	-0.00970594	-0.999914	0.199226
764	-0.008078	-0.0155835	-0.999846	0.19832
765	0.0107346	0.0133843	-0.999853	0.199158
766	-0.0194448	-0.00591287	-0.999793	0.193987
767	-0.988099	-0.153688	-0.00641203	0.240357
768	0.00883821	-0.00970594	-0.999914	0.199226
771	-0.008078	-0.0155835	-0.999846	0.19832
772	0.0107346	0.0133843	-0.999853	0.199158
773	-0.0194448	-0.00591287	-0.999793	0.193987
774	-0.988099	-0.153688	-0.00641203	0.240357
775	0.00883821	-0.00970594	-0.999914	0.199226
778	-0.008078	-0.0155835	-0.999846	0.19832
779	0.0107346	0.0133843	-0.999853	0.199158
780	-0.0194448	-0.00591287	-0.999793	0.193987
781	-0.988099	-0.153688	-0.00641203	0.240357
782	0.00883821	-0.00970594	-0.999914	0.199226
785	-0.008078	-0.0155835	-0.999846	0.19832
786	0.0107346	0.0133843	-0.999853	0.199158
787	-0.0194448	-0.00591287	-0.999793	0.193987
788	-0.988099	-0.153688	-0.00641203	0.240357
789	0.00883821	-0.00970594	-0.999914	0.199226
792	-0.008078	-0.0155835	-0.999846	0.19832
793	0.0107346	0.0133843	-0.999853	0.199158
794	-0.0194448	-0.00591287	-0.999793	0.193987
795	-0.988099	-0.153688	-0.00641203	0.240357
796	0.00883821	-0.00970594	-0.999914	0.199226
799	-0.008078	-0.0155835	-0.999846	0.19832
800	0.0107346	0.0133843	-0.999853	0.199158
801	-0.0194448	-0.00591287	-0.999793	0.193987
802	-0.988099	-0.153688	-0.00641203	0.240357
803	0.00883821	-0.00970594	-0.999914	0.199226
806	-0.008078	-0.0155835	-0.999846	0.19832
807	0.0107346	0.0133843	-0.999853	0.199158
808	-0.0194448	-0.00591287	-0.999793	0.193987
809	-0.988099	-0.153688	-0.00641203	0.240357
810	0.00883821	-0.00970594	-0.999914	0.199226
813	-0.008078	-0.0155835	-0.999846	0.19832
814	0.0107346	0.0133843	-0.999853	0.199158
815	-0.0194448	-0.00591287	-0.999793	0.193987
816	-0.988099	-0.153688	-0.00641203	0.240357
817	0.00883821	-0.00970594	-0.999914	0.199226
820	-0.008078	-0.0155835	-0.999846	0.19832
821	0.0107346	0.0133843	-0.999853	0.199158
822	-0.0194448	-0.00591287	-0.999793	0.193987
823	-0.988099	-0.153688	-0.00641203	0.240357
824	0.00883821	-0.00970594	-0.999914	0.199226
827	-0.008078	-0.0155835	-0.999846	0.19832
828	0.0107346	0.0133843	-0.999853	0.199158
829	-0.0194448	-0.00591287	-0.999793	0.193987
830	-0.988099	-0.153688	-0.00641203	0.240357
831	0.00883821	-0.00970594	-0.999914	0.199226
834	-0.008078	-0.0155835	-0.999846	0.19832
835	0.0107346	0.0133843	-0.999853	0.199158
836	-0.0194448	-0.00591287	-0.999793	0.193987
837	-0.988099	-0.153688	-0.00641203	0.240357
838	0.00883821	-0.00970594	-0.999914	0.199226
841	-0.008078	-0.0155835	-0.999846	0.19832
842	0.0107346	0.0133843	-0.999853	0.199158
843	-0.0194448	-0.00591287	-0.999793	0.193987
844	-0.988099	-0.153688	-0.00641203	0.240357
845	0.00883821	-0.00970594	-0.999914	0.199226
848	-0.008078	-0.0155835	-0.999846	0.19832
849	0.0107346	0.0133843	-0.999853	0.199158
850	-0.0194448	-0.00591287	-0.999793	0.193987
851	-0.988099	-0.153688	-0.00641203	0.240357
852	0.00883821	-0.00970594	-0.999914	0.199226
855	-0.008078	-0.0155835	-0.999846	0.19832
856	0.0107346	0.0133843	-0.999853	0.199158
857	-0.0194448	-0.00591287	-0.999793	0.193987
858	-0.988099	-0.153688	-0.00641203	0.240357
859	0.00883821	-0.00970594	-0.999914	0.199226
862	-0.008078	-0.0155835	-0.999846	0.19832
863	0.0107346	0.0133843	-0.999853	0.199158
864	-0.0194448	-0.00591287	-0.999793	0.193987
865	-0.988099	-0.153688	-0.00641203	0.240357
866	0.00883821	-0.00970594	-0.999914	0.199226
869	-0.008078	-0.0155835	-0.999846	0.19832
870	0.0107346	0.0133843	-0.999853	0.199158
871	-0.0194448	-0.00591287	-0.999793	0.193987
872	-0.988099	-0.153688	-0.00641203	0.240357
873	0.00883821	-0.00970594	-0.999914	0.199226
876	-0.008078	-0.0155835	-0.999846	0.19832
877	0.0107346	0.0133843	-0.999853	0.199158
878	-0.0194448	-0.00591287	-0.999793	0.193987
879	-0.988099	-0.153688	-0.00641203	0.240357
880	0.00883821	-0.00970594	-0.999914	0.199226
883	-0.008078	-0.0155835	-0.999846	0.19832
884	0.0107346	0.0133843	-0.999853	0.199158
885	-0.0194448	-0.00591287	-0.999793	0.193987
886	-0.988099	-0.153688	-0.00641203	0.240357
887	0.00883821	-0.00970594	-0.999914	0.199226
890	-0.008078	-0.0155835	-0.999846	0.19832
891	0.0107346	0.0133843	-0.999853	0.199158
892	-0.0194448	-0.00591287	-0.999793	0.193987
893	-0.988099	-0.153688	-0.00641203	0.240357
894	0.00883821	-0.00970594	-0.999914	0.199226
897	-0.008078	-0.0155835	-0.999846	0.19832
898	0.0107346	0.0133843	-0.999853	0.199158
899	-0.0194448	-0.00591287	-0.999793	0.193987
900	-0.988099	-0.153688	-0.00641203	0.240357
901	0.00883821	-0.00970594	-0.999914	0.199226
904	-0.008078	-0.0155835	-0.999846	0.19832
905	0.0107346	0.0133843	-0.999853	0.199158
906	-0.0194448	-0.00591287	-0.999793	0.193987
907	-0.988099	-0.153688	-0.00641203	0.240357
908	0.00883821	-0.00970594	-0.999914	0.199226
911	-0.008078	-0.0155835	-0.999846	0.19832
912	0.0107346	0.0133843	-0.999853	0.199158
913	-0.0194448	-0.00591287	-0.999793	0.193987
914	-0.988099	-0.153688	-0.00641203	0.240357
915	0.00883821	-0.00970594	-0.999914	0.199226
918	-0.008078	-0.0155835	-0.999846	0.19832
919	0.0107346	0.0133843	-0.999853	0.199158
920	-0.0194448	-0.00591287	-0.999793	0.193987
921	-0.988099	-0.153688	-0.00641203	0.240357
922	0.00883821	-0.00970594	-0.999914	0.199226
925	-0.008078	-0.0155835	-0.999846	0.19832
926	0.0107346	0.0133843	-0.999853	0.199158
927	-0.0194448	-0.00591287	-0.999793	0.193987
928	-0.988099	-0.153688	-0.00641203	0.240357
929	0.00883821	-0.00970594	-0.999914	0.199226
932	-0.008078	-0.0155835	-0.999846	0.19832
933	0.0107346	0.0133843	-0.999853	0.199158
934	-0.0194448	-0.00591287	-0.999793	0.193987
935	-0.988099	-0.153688	-0.00641203	0.240357
936	0.00883821	-0.00970594	-0.999914	0.199226
939	-0.008078	-0.0155835	-0.999846	0.19832
940	0.0107346	0.0133843	-0.999853	0.199158
941	-0.0194448	-0.00591287	-0.999793	0.193987
942	-0.988099	-0.153688	-0.00641203	0.240357
943	0.00883821	-0.00970594	-0.999914	0.199226
946	-0.008078	-0.0155835	-0.999846	0.19832
947	0.0107346	0.0133843	-0.999853	0.199158
948	-0.0194448	-0.00591287	-0.999793	0.193987
949	-0.988099	-0.153688	-0.00641203	0.240357
950	0.00883821	-0.00970594	-0.999914	0.199226
953	-0.008078	-0.0155835	-0.999846	0.19832
954	0.0107346	0.0133843	-0.999853	0.199158
955	-0.0194448	-0.00591287	-0.999793	0.193987
956	-0.988099	-0.153688	-0.00641203	0.240357
957	0.00883821	-0.00970594	-0.999914	0.199226
960	-0.008078	-0.0155835	-0.999846	0.19832
961	0.0107346	0.0133843	-0.999853	0.199158
962	-0.0194448	-0.00591287	-0.999793	0.193987
963	-0.988099	-0.153688	-0.00641203	0.240357
964	0.00883821	-0.00970594	-0.999914	0.199226
967	-0.008078	-0.0155835	-0.999846	0.19832
968	0.0107346	0.0133843	-0.999853	0.199158
969	-0.0194448	-0.00591287	-0.999793	0.193987
970	-0.988099	-0.153688	-0.00641203	0.240357
971	0.00883821	-0.00970594	-0.999914	0.199226
974	-0.008078	-0.0155835	-0.999846	0.19832
975	0.0107346	0.0133843	-0.999853	0.199158
976	-0.0194448	-0.00591287	-0.999793	0.193987
977	-0.988099	-0.153688	-0.00641203	0.240357
978	0.00883821	-0.00970594	-0.999914	0.199226
981	-0.008078	-0.0155835	-0.999846	0.19832
982	0.0107346	0.0133843	-0.999853	0.199158
983	-0.0194448	-0.00591287	-0.999793	0.193987
984	-0.988099	-0.153688	-0.00641203	0.240357
985	0.00883821	-0.00970594	-0.999914	0.199226
988	-0.008078	-0.0155835	-0.999846	0.19832
989	0.0107346	0.0133843	-0.999853	0.199158
990	-0.0194448	-0.00591287	-0.999793	0.193987
991	-0.988099	-0.153688	-0.00641203	0.240357
992	0.00883821	-0.00970594	-0.999914	0.199226
995	-0.008078	-0.0155835	-0.999846	0.19832
996	0.0107346	0.0133843	-0.999853	0.199158
997	-0.0194448	-0.00591287	-0.999793	0.193987
998	-0.988099	-0.153688	-0.00641203	0.240357
999	0.00883821	-0.00970594	-0.999914	0.199226
0	0.0210775	0.0281367	-0.999382	0.187912
1	-0.0110081	0.00747582	-0.999911	0.198071
4	0.00642862	0.000389037	-0.999979	0.198438
6	-0.998282	-0.0134674	0.0570187	0.185021
7	0.00888715	0.0516756	-0.998624	0.201131
11	0.00642862	0.000389037	-0.999979	0.198438
13	-0.998282	-0.0134674	0.0570187	0.185021
14	0.00888715	0.0516756	-0.998624	0.201131
18	0.00642862	0.000389037	-0.999979	0.198438
20	-0.998282	-0.0134674	0.0570187	0.185021
21	0.00888715	0.0516756	-0.998624	0.201131
25	0.00642862	0.000389037	-0.999979	0.198438
27	-0.998282	-0.0134674	0.0570187	0.185021
28	0.00888715	0.0516756	-0.998624	0.201131
32	0.00642862	0.000389037	-0.999979	0.198438
34	-0.998282	-0.0134674	0.0570187	0.185021
35	0.00888715	0.0516756	-0.998624	0.201131
39	0.00642862	0.000389037	-0.999979	0.198438
41	-0.998282	-0.0134674	0.0570187	0.185021
42	0.00888715	0.0516756	-0.998624	0.201131
46	0.00642862	0.000389037	-0.999979	0.198438
48	-0.998282	-0.0134674	0.0570187	0.185021
49	0.00888715	0.0516756	-0.998624	0.201131
53	0.00642862	0.000389037	-0.999979	0.198438
55	-0.998282	-0.0134674	0.0570187	0.185021
56	0.00888715	0.0516756	-0.998624	0.201131
60	0.00642862	0.000389037	-0.999979	0.198438
62	-0.998282	-0.0134674	0.0570187	0.185021
63	0.00888715	0.0516756	-0.998624	0.201131
67	0.00642862	0.000389037	-0.999979	0.198438
69	-0.998282	-0.0134674	0.0570187	0.185021
70	0.00888715	0.0516756	-0.998624	0.201131
74	0.00642862	0.000389037	-0.999979	0.198438
76	-0.998282	-0.0134674	0.0570187	0.185021
77	0.00888715	0.0516756	-0.998624	0.201131
81	0.00642862	0.000389037	-0.999979	0.198438
83	-0.998282	-0.0134674	0.0570187	0.185021
84	0.00888715	0.0516756	-0.998624	0.201131
88	0.00642862	0.000389037	-0.999979	0.198438
90	-0.998282	-0.0134674	0.0570187	0.185021
91	0.00888715	0.0516756	-0.998624	0.201131
95	0.00642862	0.000389037	-0.999979	0.198438
97	-0.998282	-0.0134674	0.0570187	0.185021
98	0.00888715	0.0516756	-0.998624	0.201131
102	0.00642862	0.000389037	-0.999979	0.198438
104	-0.998282	-0.0134674	0.0570187	0.185021
105	0.00888715	0.0516756	-0.998624	0.201131
109	0.00642862	0.000389037	-0.999979	0.198438
111	-0.998282	-0.0134674	0.0570187	0.185021
112	0.00888715	0.0516756	-0.998624	0.201131
116	0.00642862	0.000389037	-0.999979	0.198438
118	-0.998282	-0.0134674	0.0570187	0.185021
119	0.00888715	0.0516756	-0.998624	0.201131
123	0.00642862	0.000389037	-0.999979	0.198438
125	-0.998282	-0.0134674	0.0570187	0.185021
126	0.00888715	0.0516756	-0.998624	0.201131
130	0.00642862	0.000389037	-0.999979	0.198438
132	-0.998282	-0.0134674	0.0570187	0.185021
133	0.00888715	0.0516756	-0.998624	0.201131
137	0.00642862	0.000389037	-0.999979	0.198438
139	-0.998282	-0.0134674	0.0570187	0.185021
140	0.00888715	0.0516756	-0.998624	0.201131
144	0.00642862	0.000389037	-0.999979	0.198438
146	-0.998282	-0.0134674	0.0570187	0.185021
147	0.00888715	0.0516756	-0.998624	0.201131
151	0.00642862	0.000389037	-0.999979	0.198438
153	-0.998282	-0.0134674	0.0570187	0.185021
154	0.00888715	0.0516756	-0.998624	0.201131
158	0.00642862	0.000389037	-0.999979	0.198438
160	-0.998282	-0.0134674	0.0570187	0.185021
161	0.00888715	0.0516756	-0.998624	0.201131
165	0.00642862	0.000389037	-0.999979	0.198438
167	-0.998282	-0.0134674	0.0570187	0.185021
168	0.00888715	0.0516756	-0.998624	0.201131
172	0.00642862	0.000389037	-0.999979	0.198438
174	-0.998282	-0.0134674	0.0570187	0.185021
175	0.00888715	0.0516756	-0.998624	0.201131
179	0.00642862	0.000389037	-0.999979	0.198438
181	-0.998282	-0.0134674	0.0570187	0.185021
182	0.00888715	0.0516756	-0.998624	0.201131
186	0.00642862	0.000389037	-0.999979	0.198438
188	-0.998282	-0.0134674	0.0570187	0.185021
189	0.00888715	0.0516756	-0.998624	0.201131
193	0.00642862	0.000389037	-0.999979	0.198438
195	-0.998282	-0.0134674	0.0570187	0.185021
196	0.00888715	0.0516756	-0.998624	0.201131
200	0.00642862	0.000389037	-0.999979	0.198438
202	-0.998282	-0.0134674	0.0570187	0.185021
203	0.00888715	0.0516756	-0.998624	0.201131
207	0.00642862	0.000389037	-0.999979	0.198438
209	-0.998282	-0.0134674	0.0570187	0.185021
210	0.00888715	0.0516756	-0.998624	0.201131
214	0.00642862	0.000389037	-0.999979	0.198438
216	-0.998282	-0.0134674	0.0570187	0.185021
217	0.00888715	0.0516756	-0.998624	0.201131
221	0.00642862	0.000389037	-0.999979	0.198438
223	-0.998282	-0.0134674	0.0570187	0.185021
224	0.00888715	0.0516756	-0.998624	0.201131
228	0.00642862	0.000389037	-0.999979	0.198438
230	-0.998282	-0.0134674	0.0570187	0.185021
231	0.00888715	0.0516756	-0.998624	0.201131
235	0.00642862	0.000389037	-0.999979	0.198438
237	-0.998282	-0.0134674	0.0570187	0.185021
238	0.00888715	0.0516756	-0.998624	0.201131
242	0.00642862	0.000389037	-0.999979	0.198438
244	-0.998282	-0.0134674	0.0570187	0.185021
245	0.00888715	0.0516756	-0.998624	0.201131
249	0.00642862	0.000389037	-0.999979	0.198438
251	-0.998282	-0.0134674	0.0570187	0.185021
252	0.00888715	0.0516756	-0.998624	0.201131
256	0.00642862	0.000389037	-0.999979	0.198438
258	-0.998282	-0.0134674	0.0570187	0.185021
259	0.00888715	0.0516756	-0.998624	0.201131
263	0.00642862	0.000389037	-0.999979	0.198438
265	-0.998282	-0.0134674	0.0570187	0.185021
266	0.00888715	0.0516756	-0.998624	0.201131
270	0.00642862	0.000389037	-0.999979	0.198438
272	-0.998282	-0.0134674	0.0570187	0.185021
273	0.00888715	0.0516756	-0.998624	0.201131
277	0.00642862	0.000389037	-0.999979	0.198438
279	-0.998282	-0.0134674	0.0570187	0.185021
280	0.00888715	0.0516756	-0.998624	0.201131
284	0.00642862	0.000389037	-0.999979	0.198438
286	-0.998282	-0.0134674	0.0570187	0.185021
287	0.00888715	0.0516756	-0.998624	0.201131
291	0.00642862	0.000389037	-0.999979	0.198438
293	-0.998282	-0.0134674	0.0570187	0.185021
294	0.00888715	0.0516756	-0.998624	0.201131
298	0.00642862	0.000389037	-0.999979	0.198438
300	-0.998282	-0.0134674	0.0570187	0.185021
301	0.00888715	0.0516756	-0.998624	0.201131
305	0.00642862	0.000389037	-0.999979	0.198438
307	-0.998282	-0.0134674	0.0570187	0.185021
308	0.00888715	0.0516756	-0.998624	0.201131
312	0.00642862	0.000389037	-0.999979	0.198438
314	-0.998282	-0.0134674	0.0570187	0.185021
315	0.00888715	0.0516756	-0.998624	0.201131
319	0.00642862	0.000389037	-0.999979	0.198438
321	-0.998282	-0.0134674	0.0570187	0.185021
322	0.00888715	0.0516756	-0.998624	0.201131
326	0.00642862	0.000389037	-0.999979	0.198438
328	-0.998282	-0.0134674	0.0570187	0.185021
329	0.00888715	0.0516756	-0.998624	0.201131
333	0.00642862	0.000389037	-0.999979	0.198438
335	-0.998282	-0.0134674	0.0570187	0.185021
336	0.00888715	0.0516756	-0.998624	0.201131
340	0.00642862	0.000389037	-0.999979	0.198438
342	-0.998282	-0.0134674	0.0570187	0.185021
343	0.00888715	0.0516756	-0.998624	0.201131
347	0.00642862	0.000389037	-0.999979	0.198438
349	-0.998282	-0.0134674	0.0570187	0.185021
350	0.00888715	0.0516756	-0.998624	0.201131
354	0.00642862	0.000389037	-0.999979	0.198438
356	-0.998282	-0.0134674	0.0570187	0.185021
357	0.00888715	0.0516756	-0.998624	0.201131
361	0.00642862	0.000389037	-0.999979	0.198438
363	-0.998282	-0.0134674	0.0570187	0.185021
364	0.00888715	0.0516756	-0.998624	0.201131
368	0.00642862	0.000389037	-0.999979	0.198438
370	-0.998282	-0.0134674	0.0570187	0.185021
371	0.00888715	0.0516756	-0.998624	0.201131
375	0.00642862	0.000389037	-0.999979	0.198438
377	-0.998282	-0.0134674	0.0570187	0.185021
378	0.00888715	0.0516756	-0.998624	0.201131
382	0.00642862	0.000389037	-0.999979	0.198438
384	-0.998282	-0.0134674	0.0570187	0.185021
385	0.00888715	0.0516756	-0.998624	0.201131
389	0.00642862	0.000389037	-0.999979	0.198438
391	-0.998282	-0.0134674	0.0570187	0.185021
392	0.00888715	0.0516756	-0.998624	0.201131
396	0.00642862	0.000389037	-0.999979	0.198438
398	-0.998282	-0.0134674	0.0570187	0.185021
399	0.00888715	0.0516756	-0.998624	0.201131
403	0.00642862	0.000389037	-0.999979	0.198438
405	-0.998282	-0.0134674	0.0570187	0.185021
406	0.00888715	0.0516756	-0.998624	0.201131
410	0.00642862	0.000389037	-0.999979	0.198438
412	-0.998282	-0.0134674	0.0570187	0.185021
413	0.00888715	0.0516756	-0.998624	0.201131
417	0.00642862	0.000389037	-0.999979	0.198438
419	-0.998282	-0.0134674	0.0570187	0.185021
420	0.00888715	0.0516756	-0.998624	0.201131
424	0.00642862	0.000389037	-0.999979	0.198438
426	-0.998282	-0.0134674	0.0570187	0.185021
427	0.00888715	0.0516756	-0.998624	0.201131
431	0.00642862	0.000389037	-0.999979	0.198438
433	-0.998282	-0.0134674	0.0570187	0.185021
434	0.00888715	0.0516756	-0.998624	0.201131
438	0.00642862	0.000389037	-0.999979	0.198438
440	-0.998282	-0.0134674	0.0570187	0.185021
441	0.00888715	0.0516756	-0.998624	0.201131
445	0.00642862	0.000389037	-0.999979	0.198438
447	-0.998282	-0.0134674	0.0570187	0.185021
448	0.00888715	0.0516756	-0.998624	0.201131
452	0.00642862	0.000389037	-0.999979	0.198438
454	-0.998282	-0.0134674	0.0570187	0.185021
455	0.00888715	0.0516756	-0.998624	0.201131
459	0.00642862	0.000389037	-0.999979	0.198438
461	-0.998282	-0.0134674	0.0570187	0.185021
462	0.00888715	0.0516756	-0.998624	0.201131
466	0.00642862	0.000389037	-0.999979	0.198438
468	-0.998282	-0.0134674	0.0570187	0.185021
469	0.00888715	0.0516756	-0.998624	0.201131
473	0.00642862	0.000389037	-0.999979	0.198438
475	-0.998282	-0.0134674	0.0570187	0.185021
476	0.00888715	0.0516756	-0.998624	0.201131
480	0.00642862	0.000389037	-0.999979	0.198438
482	-0.998282	-0.0134674	0.0570187	0.185021
483	0.00888715	0.0516756	-0.998624	0.201131
487	0.00642862	0.000389037	-0.999979	0.198438
489	-0.998282	-0.0134674	0.0570187	0.185021
490	0.00888715	0.0516756	-0.998624	0.201131
494	0.00642862	0.000389037	-0.999979	0.198438
496	-0.998282	-0.0134674	0.0570187	0.185021
497	0.00888715	0.0516756	-0.998624	0.201131
501	0.00642862	0.000389037	-0.999979	0.198438
503	-0.998282	-0.0134674	0.0570187	0.185021
504	0.00888715	0.0516756	-0.998624	0.201131
508	0.00642862	0.000389037	-0.999979	0.198438
510	0.107661	-0.0253755	-0.993864	0.203376
511	0.00888715	0.0516756	-0.998624	0.201131
515	0.00642862	0.000389037	-0.999979	0.198438
517	0.107661	-0.0253755	-0.993864	0.203376
518	0.00888715	0.0516756	-0.998624	0.201131
522	0.00642862	0.000389037	-0.999979	0.198438
524	0.107661	-0.0253755	-0.993864	0.203376
525	0.00888715	0.0516756	-0.998624	0.201131
529	0.00642862	0.000389037	-0.999979	0.198438
531	0.107661	-0.0253755	-0.993864	0.203376
532	0.00888715	0.0516756	-0.998624	0.201131
536	0.00642862	0.000389037	-0.999979	0.198438
538	0.107661	-0.0253755	-0.993864	0.203376
539	0.00888715	0.0516756	-0.998624	0.201131
543	0.00642862	0.000389037	-0.999979	0.198438
545	0.107661	-0.0253755	-0.993864	0.203376
546	0.00888715	0.0516756	-0.998624	0.201131
550	0.00642862	0.000389037	-0.999979	0.198438
552	0.107661	-0.0253755	-0.993864	0.203376
553	0.00888715	0.0516756	-0.998624	0.201131
557	0.00642862	0.000389037	-0.999979	0.198438
559	0.107661	-0.0253755	-0.993864	0.203376
560	0.00888715	0.0516756	-0.998624	0.201131
564	0.00642862	0.000389037	-0.999979	0.198438
566	0.107661	-0.0253755	-0.993864	0.203376
567	0.00888715	0.0516756	-0.998624	0.201131
571	0.00642862	0.000389037	-0.999979	0.198438
573	0.107661	-0.0253755	-0.993864	0.203376
574	0.00888715	0.0516756	-0.998624	0.201131
578	0.00642862	0.000389037	-0.999979	0.198438
580	0.107661	-0.0253755	-0.993864	0.203376
581	0.00888715	0.0516756	-0.998624	0.201131
585	0.00642862	0.000389037	-0.999979	0.198438
587	0.107661	-0.0253755	-0.993864	0.203376
588	0.00888715	0.0516756	-0.998624	0.201131
592	0.00642862	0.000389037	-0.999979	0.198438
594	0.107661	-0.0253755	-0.993864	0.203376
595	0.00888715	0.0516756	-0.998624	0.201131
599	0.00642862	0.000389037	-0.999979	0.198438
601	0.107661	-0.0253755	-0.993864	0.203376
602	0.00888715	0.0516756	-0.998624	0.201131
606	0.00642862	0.000389037	-0.999979	0.198438
608	0.107661	-0.0253755	-0.993864	0.203376
609	0.00888715	0.0516756	-0.998624	0.201131
613	0.00642862	0.000389037	-0.999979	0.198438
615	0.107661	-0.0253755	-0.993864	0.203376
616	0.00888715	0.0516756	-0.998624	0.201131
620	0.00642862	0.000389037	-0.999979	0.198438
622	0.107661	-0.0253755	-0.993864	0.203376
623	0.00888715	0.0516756	-0.998624	0.201131
627	0.00642862	0.000389037	-0.999979	0.198438
629	0.107661	-0.0253755	-0.993864	0.203376
630	0.00888715	0.0516756	-0.998624	0.201131
634	0.00642862	0.000389037	-0.999979	0.198438
636	0.107661	-0.0253755	-0.993864	0.203376
637	0.00888715	0.0516756	-0.998624	0.201131
641	0.00642862	0.000389037	-0.999979	0.198438
643	0.107661	-0.0253755	-0.993864	0.203376
644	0.00888715	0.0516756	-0.998624	0.201131
648	0.00642862	0.000389037	-0.999979	0.198438
650	0.107661	-0.0253755	-0.993864	0.203376
651	0.00888715	0.0516756	-0.998624	0.201131
655	0.00642862	0.000389037	-0.999979	0.198438
657	0.107661	-0.0253755	-0.993864	0.203376
658	0.00888715	0.0516756	-0.998624	0.201131
662	0.00642862	0.000389037	-0.999979	0.198438
664	0.107661	-0.0253755	-0.993864	0.203376
665	0.00888715	0.0516756	-0.998624	0.201131
669	0.00642862	0.000389037	-0.999979	0.198438
671	0.107661	-0.0253755	-0.993864	0.203376
672	0.00888715	0.0516756	-0.998624	0.201131
676	0.00642862	0.000389037	-0.999979	0.198438
678	0.107661	-0.0253755	-0.993864	0.203376
679	0.00888715	0.0516756	-0.998624	0.201131
683	0.00642862	0.000389037	-0.999979	0.198438
685	0.107661	-0.0253755	-0.993864	0.203376
686	0.00888715	0.0516756	-0.998624	0.201131
690	0.00642862	0.000389037	-0.999979	0.198438
692	0.107661	-0.0253755	-0.993864	0.203376
693	0.00888715	0.0516756	-0.998624	0.201131
697	0.00642862	0.000389037	-0.999979	0.198438
699	0.107661	-0.0253755	-0.993864	0.203376
700	0.00888715	0.0516756	-0.998624	0.201131
704	0.00642862	0.000389037	-0.999979	0.198438
706	0.107661	-0.0253755	-0.993864	0.203376
707	0.00888715	0.0516756	-0.998624	0.201131
711	0.00642862	0.000389037	-0.999979	0.198438
713	0.107661	-0.0253755	-0.993864	0.203376
714	0.00888715	0.0516756	-0.998624	0.201131
718	0.00642862	0.000389037	-0.999979	0.198438
720	0.107661	-0.0253755	-0.993864	0.203376
721	0.00888715	0.0516756	-0.998624	0.201131
725	0.00642862	0.000389037	-0.999979	0.198438
727	0.107661	-0.0253755	-0.993864	0.203376
728	0.00888715	0.0516756	-0.998624	0.201131
732	0.00642862	0.000389037	-0.999979	0.198438
734	0.107661	-0.0253755	-0.993864	0.203376
735	0.00888715	0.0516756	-0.998624	0.201131
739	0.00642862	0.000389037	-0.999979	0.198438
741	0.107661	-0.0253755	-0.993864	0.203376
742	0.00888715	0.0516756	-0.998624	0.201131
746	0.00642862	0.000389037	-0.999979	0.198438
748	0.107661	-0.0253755	-0.993864	0.203376
749	0.00888715	0.0516756	-0.998624	0.201131
753	0.00642862	0.000389037	-0.999979	0.198438
755	0.107661	-0.0253755	-0.993864	0.203376
756	0.00888715	0.0516756	-0.998624	0.201131
760	0.00642862	0.000389037	-0.999979	0.198438
762	0.107661	-0.0253755	-0.993864	0.203376
763	0.00888715	0.0516756	-0.998624	0.201131
767	0.00642862	0.000389037	-0.999979	0.198438
769	0.107661	-0.0253755	-0.993864	0.203376
770	0.00888715	0.0516756	-0.998624	0.201131
774	0.00642862	0.000389037	-0.999979	0.198438
776	0.107661	-0.0253755	-0.993864	0.203376
777	0.00888715	0.0516756	-0.998624	0.201131
781	0.00642862	0.000389037	-0.999979	0.198438
783	0.107661	-0.0253755	-0.993864	0.203376
784	0.00888715	0.0516756	-0.998624	0.201131
788	0.00642862	0.000389037	-0.999979	0.198438
790	0.107661	-0.0253755	-0.993864	0.203376
791	0.00888715	0.0516756	-0.998624	0.201131
795	0.00642862	0.000389037	-0.999979	0.198438
797	0.107661	-0.0253755	-0.993864	0.203376
798	0.00888715	0.0516756	-0.998624	0.201131
802	0.00642862	0.000389037	-0.999979	0.198438
804	0.107661	-0.0253755	-0.993864	0.203376
805	0.00888715	0.0516756	-0.998624	0.201131
809	0.00642862	0.000389037	-0.999979	0.198438
811	0.107661	-0.0253755	-0.993864	0.203376
812	0.00888715	0.0516756	-0.998624	0.201131
816	0.00642862	0.000389037	-0.999979	0.198438
818	0.107661	-0.0253755	-0.993864	0.203376
819	0.00888715	0.0516756	-0.998624	0.201131
823	0.00642862	0.000389037	-0.999979	0.198438
825	0.107661	-0.0253755	-0.993864	0.203376
826	0.00888715	0.0516756	-0.998624	0.201131
830	0.00642862	0.000389037	-0.999979	0.198438
832	0.107661	-0.0253755	-0.993864	0.203376
833	0.00888715	0.0516756	-0.998624	0.201131
837	0.00642862	0.000389037	-0.999979	0.198438
839	0.107661	-0.0253755	-0.993864	0.203376
840	0.00888715	0.0516756	-0.998624	0.201131
844	0.00642862	0.000389037	-0.999979	0.198438
846	0.107661	-0.0253755	-0.993864	0.203376
847	0.00888715	0.0516756	-0.998624	0.201131
851	0.00642862	0.000389037	-0.999979	0.198438
853	0.107661	-0.0253755	-0.993864	0.203376
854	0.00888715	0.0516756	-0.998624	0.201131
858	0.00642862	0.000389037	-0.999979	0.198438
860	0.107661	-0.0253755	-0.993864	0.203376
861	0.00888715	0.0516756	-0.998624	0.201131
865	0.00642862	0.000389037	-0.999979	0.198438
867	0.107661	-0.0253755	-0.993864	0.203376
868	0.00888715	0.0516756	-0.998624	0.201131
872	0.00642862	0.000389037	-0.999979	0.198438
874	0.107661	-0.0253755	-0.993864	0.203376
875	0.00888715	0.0516756	-0.998624	0.201131
879	0.00642862	0.000389037	-0.999979	0.198438
881	0.107661	-0.0253755	-0.993864	0.203376
882	0.00888715	0.0516756	-0.998624	0.201131
886	0.00642862	0.000389037	-0.999979	0.198438
888	0.107661	-0.0253755	-0.993864	0.203376
889	0.00888715	0.0516756	-0.998624	0.201131
893	0.00642862	0.000389037	-0.999979	0.198438
895	0.107661	-0.0253755	-0.993864	0.203376
896	0.00888715	0.0516756	-0.998624	0.201131
900	0.00642862	0.000389037	-0.999979	0.198438
902	0.107661	-0.0253755	-0.993864	0.203376
903	0.00888715	0.0516756	-0.998624	0.201131
907	0.00642862	0.000389037	-0.999979	0.198438
909	0.107661	-0.0253755	-0.993864	0.203376
910	0.00888715	0.0516756	-0.998624	0.201131
914	0.00642862	0.000389037	-0.999979	0.198438
916	0.107661	-0.0253755	-0.993864	0.203376
917	0.00888715	0.0516756	-0.998624	0.201131
921	0.00642862	0.000389037	-0.999979	0.198438
923	0.107661	-0.0253755	-0.993864	0.203376
924	0.00888715	0.0516756	-0.998624	0.201131
928	0.00642862	0.000389037	-0.999979	0.198438
930	0.107661	-0.0253755	-0.993864	0.203376
931	0.00888715	0.0516756	-0.998624	0.201131
935	0.00642862	0.000389037	-0.999979	0.198438
937	0.107661	-0.0253755	-0.993864	0.203376
938	0.00888715	0.0516756	-0.998624	0.201131
942	0.00642862	0.000389037	-0.999979	0.198438
944	0.107661	-0.0253755	-0.993864	0.203376
945	0.00888715	0.0516756	-0.998624	0.201131
949	0.00642862	0.000389037	-0.999979	0.198438
951	0.107661	-0.0253755	-0.993864	0.203376
952	0.00888715	0.0516756	-0.998624	0.201131
956	0.00642862	0.000389037	-0.999979	0.198438
958	0.107661	-0.0253755	-0.993864	0.203376
959	0.00888715	0.0516756	-0.998624	0.201131
963	0.00642862	0.000389037	-0.999979	0.198438
965	0.107661	-0.0253755	-0.993864	0.203376
966	0.00888715	0.0516756	-0.998624	0.201131
970	0.00642862	0.000389037	-0.999979	0.198438
972	0.107661	-0.0253755	-0.993864	0.203376
973	0.00888715	0.0516756	-0.998624	0.201131
977	0.00642862	0.000389037	-0.999979	0.198438
979	0.107661	-0.0253755	-0.993864	0.203376
980	0.00888715	0.0516756	-0.998624	0.201131
984	0.00642862	0.000389037	-0.999979	0.198438
986	0.107661	-0.0253755	-0.993864	0.203376
987	0.00888715	0.0516756	-0.998624	0.201131
991	0.00642862	0.000389037	-0.999979	0.198438
993	0.107661	-0.0253755	-0.993864	0.203376
994	0.00888715	0.0516756	-0.998624	0.201131
998	0.00642862	0.000389037	-0.999979	0.198438
