2.41755	0.0366243	0.142897
2.4237	0.00306513	0.142376
2.41811	0.0717769	0.185425
2.41896	0.0575089	0.186286
2.41995	0.0364727	0.18613
2.42129	0.0169374	0.187076
2.42348	-0.00179331	0.188133
2.42858	-0.0134139	0.185936
2.41819	0.0775118	0.17201
2.41803	0.0576754	0.171165
2.4181	0.0370487	0.16946
2.42015	0.0173	0.168692
2.4231	-0.00256391	0.16936
2.43124	-0.014771	0.170296
2.4169	0.0585214	0.152534
2.41761	0.0377427	0.15362
2.42046	0.0179137	0.153204
2.4252	-0.0035655	0.150065
2.43544	-0.0156611	0.152249
2.44445	-0.0126516	0.139092
2.4177	0.0937162	0.228823
2.41887	0.0764627	0.229566
2.41999	0.0575124	0.230986
2.42092	0.0367196	0.232496
2.42217	0.0168806	0.233527
2.42499	-0.00209457	0.23365
2.43073	-0.0131398	0.229199
2.41622	0.117345	0.216159
2.417	0.0971492	0.216846
2.41811	0.0772274	0.216141
2.41934	0.0577045	0.215665
2.42103	0.0374069	0.215083
2.4221	0.0171319	0.213965
2.42457	-0.00248117	0.213638
2.43277	-0.0153875	0.21486
2.41628	0.0972464	0.194894
2.4176	0.0779795	0.195423
2.41943	0.0581836	0.197434
2.42126	0.0380641	0.197948
2.42236	0.0187373	0.198491
2.42456	-0.00398292	0.198877
2.4355	-0.01681	0.195968
2.41732	0.098565	0.182177
2.41893	0.0843741	0.182504
2.44413	-0.0180078	0.178031
2.4527	-0.0182426	0.159485
2.46117	-0.013796	0.14144
2.41935	0.0932439	0.274135
2.42053	0.075917	0.274585
2.42208	0.0570586	0.275409
2.42277	0.0361742	0.278098
2.42307	0.0165082	0.279391
2.42593	-0.00205852	0.279163
2.43173	-0.012816	0.275457
2.41606	0.156019	0.258339
2.41705	0.13702	0.260593
2.41801	0.117754	0.261124
2.41863	0.0972884	0.26193
2.41957	0.0771601	0.260992
2.42077	0.0579487	0.259961
2.42222	0.0373552	0.259219
2.42345	0.0173085	0.257833
2.42603	-0.00240833	0.258147
2.43432	-0.0156156	0.259574
2.41603	0.156134	0.24422
2.41684	0.1376	0.241405
2.4174	0.117897	0.240723
2.41801	0.0974739	0.239975
2.41897	0.0776573	0.240818
2.42001	0.0579897	0.242043
2.42136	0.0379221	0.243308
2.42275	0.017586	0.244359
2.42636	-0.00502581	0.244375
2.43774	-0.0173731	0.240631
2.41619	0.137657	0.226285
2.41697	0.120211	0.227286
2.41766	0.104958	0.227993
2.44627	-0.0192478	0.223099
2.4549	-0.0185981	0.204221
2.46369	-0.017188	0.186167
2.47179	-0.0167748	0.167785
2.47975	-0.0154378	0.14959
2.41835	0.115517	0.318517
2.41965	0.0958938	0.319297
2.42072	0.0763237	0.32115
2.42187	0.0571589	0.322544
2.4234	0.0370404	0.323331
2.42535	0.0170932	0.323634
2.42801	-0.00204044	0.322783
2.43334	-0.0140282	0.320044
2.41417	0.197117	0.301396
2.41568	0.17721	0.302584
2.41666	0.156856	0.303879
2.41766	0.137154	0.305474
2.41885	0.117643	0.306759
2.41989	0.0970893	0.30568
2.42105	0.077051	0.305026
2.42223	0.0578492	0.304421
2.42281	0.0370594	0.303144
2.42407	0.0170907	0.302315
2.4266	-0.00270452	0.302045
2.43543	-0.0162901	0.304429
2.41398	0.196719	0.288593
2.41537	0.178028	0.287296
2.41587	0.157303	0.286042
2.41684	0.137356	0.285336
2.41825	0.117912	0.284773
2.41957	0.0975621	0.284927
2.42115	0.0776903	0.285777
2.4226	0.058397	0.286414
2.42265	0.0391812	0.288266
2.42303	0.022912	0.289811
2.42841	-0.00828001	0.288913
2.43931	-0.0171309	0.285065
2.41539	0.177583	0.268647
2.41586	0.158606	0.268879
2.4164	0.138724	0.27118
2.41784	0.121462	0.271984
2.44807	-0.0194115	0.267493
2.4573	-0.019502	0.249149
2.46605	-0.0185794	0.230488
2.47369	-0.0172869	0.212367
2.48197	-0.0164007	0.194004
2.48988	-0.0163597	0.176039
2.4986	-0.0153572	0.158238
2.50557	-0.010029	0.139335
2.42304	0.0311302	0.381611
2.42482	0.0158892	0.381968
2.42707	0.00094264	0.381576
2.41828	0.130789	0.362925
2.41971	0.114871	0.363542
2.41964	0.0957212	0.36589
2.42068	0.0762944	0.366893
2.42248	0.0571232	0.36767
2.42344	0.0365211	0.369214
2.42466	0.016653	0.368839
2.42819	-0.00261577	0.368391
2.4345	-0.0142035	0.365887
2.41181	0.234238	0.345599
2.414	0.214288	0.346222
2.41503	0.196608	0.347367
2.41517	0.176581	0.349544
2.41609	0.156712	0.35092
2.41786	0.137152	0.351446
2.41931	0.117636	0.350781
2.42019	0.0970359	0.349915
2.4205	0.0768233	0.349091
2.42158	0.0572559	0.348127
2.42364	0.0370382	0.347597
2.42529	0.0169148	0.347346
2.42822	-0.00280065	0.347053
2.43695	-0.0164149	0.348903
2.41217	0.236092	0.33385
2.41405	0.217605	0.333385
2.4151	0.197987	0.332342
2.4155	0.177542	0.33133
2.41631	0.157088	0.330485
2.41756	0.137233	0.329844
2.41878	0.117717	0.329363
2.41991	0.0974348	0.330642
2.42044	0.0772868	0.332354
2.42145	0.0582466	0.333489
2.42329	0.0363897	0.334545
2.42576	0.0170678	0.335029
2.42943	-0.00461446	0.333924
2.44106	-0.0176909	0.330089
2.41378	0.217067	0.313006
2.41483	0.198305	0.312713
2.41566	0.178223	0.313678
2.41676	0.158137	0.31528
2.4179	0.138426	0.316551
2.41861	0.12525	0.317478
2.45018	-0.0199922	0.31204
2.4585	-0.0192972	0.293489
2.46742	-0.018822	0.27553
2.47557	-0.0175704	0.257194
2.48371	-0.0177817	0.239143
2.49173	-0.0168268	0.221023
2.50009	-0.0157172	0.202742
2.50853	-0.0158709	0.184448
2.51699	-0.0146237	0.166374
2.52465	-0.0117005	0.147564
2.42223	0.0546408	0.425769
2.424	0.0339991	0.426548
2.42581	0.0153381	0.426965
2.42772	-0.000378556	0.427692
2.4161	0.154928	0.408569
2.4179	0.13583	0.409056
2.41963	0.116401	0.409795
2.42051	0.0957412	0.411703
2.42113	0.0763362	0.41333
2.42252	0.0567265	0.414154
2.42415	0.0365787	0.41343
2.42565	0.0166711	0.412806
2.42941	-0.00312431	0.413034
2.43627	-0.014135	0.410808
2.4139	0.229954	0.391325
2.41415	0.215751	0.392646
2.41497	0.196478	0.394384
2.41563	0.176853	0.395643
2.4166	0.156664	0.396005
2.41801	0.136776	0.395139
2.4198	0.117499	0.394737
2.42089	0.0968877	0.393907
2.42151	0.0767134	0.393016
2.42254	0.0573537	0.392365
2.4235	0.0370119	0.392318
2.42513	0.0167913	0.393058
2.42908	-0.00334519	0.392309
2.43858	-0.0157787	0.393333
2.41095	0.276199	0.376671
2.41209	0.256181	0.377908
2.41365	0.23672	0.378419
2.4145	0.217314	0.377674
2.41517	0.197663	0.377129
2.41565	0.177417	0.374904
2.41671	0.156813	0.373752
2.41832	0.137045	0.37355
2.41978	0.118067	0.374154
2.42021	0.0975622	0.376893
2.42134	0.0775884	0.377977
2.42277	0.0586423	0.378444
2.42332	0.0451733	0.379797
2.43188	-0.0104305	0.378572
2.44305	-0.0172877	0.375033
2.41125	0.256635	0.357379
2.41244	0.236701	0.35702
2.41435	0.217665	0.357186
2.41527	0.198272	0.358672
2.41544	0.179519	0.360209
2.41633	0.159649	0.361485
2.45218	-0.0196075	0.356709
2.41213	0.244995	0.344851
2.46122	-0.0189972	0.338768
2.46954	-0.0185185	0.320295
2.47776	-0.0180812	0.301806
2.48606	-0.0172156	0.283856
2.49403	-0.016406	0.265152
2.50236	-0.0168453	0.246979
2.51045	-0.0164529	0.228822
2.51864	-0.0149163	0.21074
2.52685	-0.0149281	0.192612
2.53578	-0.0140919	0.174331
2.54302	-0.012261	0.155968
2.41815	0.153241	0.453334
2.41945	0.135843	0.454164
2.42091	0.116182	0.455499
2.42304	0.0567562	0.457883
2.42468	0.0364125	0.457236
2.4259	0.0164887	0.456308
2.4301	-0.00313506	0.456874
2.4386	-0.0137176	0.453217
2.41291	0.253668	0.435212
2.41352	0.235484	0.436645
2.41399	0.216065	0.438588
2.41468	0.197111	0.439762
2.41639	0.176966	0.440796
2.41782	0.156802	0.440271
2.41934	0.136793	0.439697
2.42082	0.117212	0.439018
2.42122	0.0965194	0.438142
2.42175	0.0765008	0.437137
2.42275	0.0569583	0.436483
2.42431	0.036937	0.43739
2.42586	0.0169578	0.438017
2.42987	-0.00442147	0.437598
2.44009	-0.0151548	0.438008
2.40921	0.316984	0.421185
2.40989	0.296808	0.422465
2.41168	0.276302	0.423514
2.41286	0.256574	0.423188
2.41323	0.236153	0.421935
2.41407	0.216856	0.420657
2.41494	0.197307	0.41991
2.41555	0.177113	0.419038
2.4169	0.157074	0.41985
2.41865	0.137088	0.42039
2.42001	0.117542	0.421167
2.42085	0.0980067	0.422701
2.42136	0.0773374	0.424356
2.42241	0.0642267	0.424958
2.43332	-0.0106467	0.424039
2.44502	-0.0167302	0.419608
2.41034	0.297307	0.403193
2.41205	0.27692	0.402327
2.41299	0.256524	0.401526
2.41363	0.237341	0.400952
2.41411	0.217704	0.402624
2.41495	0.198896	0.404373
2.41545	0.180579	0.406286
2.45382	-0.0184385	0.401137
2.41038	0.296996	0.38766
2.41161	0.277593	0.387848
2.41288	0.258903	0.388741
2.41423	0.243336	0.389523
2.46276	-0.0175469	0.38318
2.47143	-0.018055	0.365051
2.47989	-0.0177208	0.346925
2.48771	-0.016951	0.328413
2.49572	-0.0169396	0.310015
2.5045	-0.0162132	0.292112
2.51228	-0.0154306	0.273777
2.52052	-0.0157791	0.255357
2.52823	-0.0160372	0.236694
2.53694	-0.0147142	0.219207
2.54486	-0.0141298	0.200221
2.55323	-0.0140377	0.182492
2.56138	-0.0124818	0.164162
2.56934	-0.009388	0.145682
2.41091	0.337447	0.449563
2.41035	0.31734	0.44801
2.41062	0.297082	0.446813
2.41193	0.276458	0.445955
2.41349	0.256986	0.446613
2.41446	0.237059	0.448429
2.41463	0.218228	0.44968
2.41533	0.197885	0.450638
2.4169	0.181664	0.451537
2.4184	0.166817	0.452
2.45566	-0.0171011	0.445883
2.40927	0.31886	0.431996
2.41012	0.298181	0.432847
2.41102	0.283685	0.433381
2.46413	-0.0170954	0.427943
2.47294	-0.0166151	0.409915
2.48037	-0.0162002	0.391131
2.48929	-0.0162782	0.373257
2.49803	-0.0163246	0.354595
2.50575	-0.0158193	0.336708
2.51376	-0.0152583	0.318549
2.52262	-0.0149404	0.300169
2.53051	-0.014282	0.281687
2.5391	-0.0144449	0.264003
2.5468	-0.0143287	0.245489
2.55524	-0.0141244	0.226482
2.56666	-0.0142658	0.222835
2.56049	-0.0136276	0.208621
2.57009	-0.0137128	0.209469
2.56375	-0.0134583	0.189522
2.57381	-0.0136103	0.190406
2.5745	-0.0118274	0.16482
2.58024	-0.0128313	0.172982
2.5833	-0.0101209	0.14996
2.59029	-0.0109867	0.156284
2.59926	-0.00943591	0.146101
2.47468	-0.0152025	0.454143
2.48282	-0.0155505	0.435816
2.49162	-0.0151382	0.418045
2.49928	-0.0145558	0.399461
2.50762	-0.0144933	0.381223
2.51551	-0.0147097	0.363294
2.52445	-0.0143397	0.344391
2.53214	-0.0138247	0.326453
2.54133	-0.0135156	0.308329
2.54889	-0.0134426	0.290038
2.55765	-0.0133703	0.27215
2.56579	-0.0127622	0.253897
2.57057	-0.0125723	0.239953
2.57623	-0.0131086	0.231425
2.58149	-0.0129536	0.217014
2.59037	-0.0127344	0.199117
2.59822	-0.0123778	0.18062
2.60594	-0.0111226	0.161952
2.61454	-0.00905893	0.145
2.50148	-0.0150008	0.444166
2.50997	-0.0143221	0.426217
2.51758	-0.0136892	0.407681
2.52534	-0.0133228	0.389527
2.53439	-0.0132182	0.371188
2.54241	-0.013292	0.352917
2.5503	-0.0133612	0.334136
2.55917	-0.0131284	0.316816
2.56721	-0.0125743	0.298303
2.5714	-0.0128478	0.280971
2.57974	-0.0129896	0.278542
2.57671	-0.0120976	0.261153
2.58625	-0.0119532	0.262249
2.58056	-0.0114846	0.247467
2.59227	-0.0114179	0.243764
2.60035	-0.0117903	0.225413
2.60841	-0.011942	0.206897
2.61623	-0.0120211	0.188583
2.62479	-0.0108125	0.170431
2.63288	-0.00924349	0.152482
2.51919	-0.0137546	0.452352
2.52808	-0.0142649	0.434388
2.53574	-0.0136395	0.41599
2.54325	-0.0127688	0.397506
2.55233	-0.0123224	0.379267
2.56066	-0.0120747	0.361607
2.56887	-0.0125134	0.3431
2.57297	-0.0128037	0.324499
2.58253	-0.012816	0.325325
2.58042	-0.0117867	0.304566
2.58959	-0.0117481	0.30812
2.58411	-0.0112681	0.293272
2.59415	-0.0117181	0.288125
2.60263	-0.0114827	0.270108
2.61023	-0.0106408	0.251239
2.61822	-0.0107941	0.233394
2.62667	-0.0108191	0.215327
2.6344	-0.0108204	0.196814
2.64269	-0.00971885	0.178548
2.65107	-0.00811853	0.16043
2.65887	-0.00454394	0.14182
2.53761	-0.0117492	0.460368
2.54643	-0.0134782	0.44201
2.55383	-0.013596	0.423979
2.56155	-0.0127642	0.405534
2.57025	-0.0120998	0.38718
2.57889	-0.011728	0.369235
2.58474	-0.0114572	0.352821
2.59224	-0.0114833	0.348103
2.59583	-0.0117281	0.333028
2.60379	-0.0111898	0.314749
2.61181	-0.0105858	0.296251
2.6205	-0.0107548	0.278148
2.62786	-0.00971541	0.259894
2.63655	-0.0093509	0.241317
2.64535	-0.00941383	0.223658
2.65309	-0.00885151	0.205156
2.66144	-0.00782666	0.187031
2.66937	-0.00614877	0.168534
2.67712	-0.00418193	0.15001
2.56443	-0.0122287	0.450363
2.57198	-0.0128581	0.431992
2.57925	-0.0122854	0.414151
2.58995	-0.0121821	0.412463
2.58412	-0.0116268	0.395997
2.59411	-0.0118113	0.395735
2.59777	-0.0116145	0.377755
2.59611	-0.0100193	0.36161
2.6062	-0.0103325	0.359006
2.61414	-0.0101306	0.341457
2.6218	-0.00976112	0.32267
2.62967	-0.00909998	0.304478
2.63873	-0.00918085	0.286582
2.64644	-0.00886248	0.267772
2.65514	-0.0082507	0.250032
2.66288	-0.0083996	0.231322
2.67113	-0.00739912	0.213116
2.67995	-0.00613664	0.195145
2.68827	-0.00557629	0.176822
2.69549	-0.00469001	0.158526
2.58254	-0.010088	0.458689
2.589	-0.0112403	0.440361
2.59714	-0.0113376	0.43718
2.59285	-0.0108389	0.423662
2.60037	-0.0110449	0.421965
2.60717	-0.0113811	0.403826
2.61534	-0.0116627	0.385683
2.62362	-0.010012	0.367145
2.63217	-0.00925256	0.349251
2.6399	-0.00854018	0.330615
2.64806	-0.00823966	0.31225
2.65738	-0.00770066	0.294759
2.66441	-0.00757624	0.276115
2.67347	-0.00774262	0.257976
2.68097	-0.00763262	0.239115
2.68921	-0.00709528	0.221298
2.69764	-0.00614373	0.2031
2.70703	-0.00597374	0.185134
2.71448	-0.00568503	0.166906
2.7222	-0.00487327	0.148446
2.60554	-0.00906589	0.45369
2.61107	-0.00958611	0.445222
2.61703	-0.00956115	0.430122
2.62565	-0.00986325	0.412669
2.63373	-0.0102771	0.393584
2.64201	-0.00935722	0.375562
2.6501	-0.0084974	0.357208
2.65862	-0.00791845	0.338886
2.66692	-0.00731921	0.321569
2.67542	-0.00678923	0.303204
2.68294	-0.00616515	0.284438
2.6912	-0.00694129	0.265935
2.69934	-0.00681853	0.247522
2.70796	-0.00673631	0.229643
2.71614	-0.0064993	0.211034
2.72443	-0.00636846	0.193327
2.73293	-0.0054754	0.174739
2.74052	-0.00494918	0.156633
2.62596	-0.00628066	0.461281
2.62924	-0.00761662	0.451724
2.63465	-0.0077676	0.438609
2.64423	-0.00725108	0.420063
2.6522	-0.00778842	0.401973
2.65983	-0.00817518	0.383282
2.6685	-0.00772174	0.365181
2.67698	-0.00777826	0.347568
2.68519	-0.00729085	0.32891
2.69335	-0.00630152	0.310808
2.70125	-0.00545827	0.292258
2.70988	-0.00585853	0.274532
2.7174	-0.00576092	0.256095
2.72626	-0.00573939	0.237426
2.73433	-0.00593344	0.219269
2.74283	-0.00593611	0.201307
2.75094	-0.00500638	0.18299
2.75842	-0.00429749	0.164801
2.65316	-0.00571248	0.445992
2.66181	-0.00521488	0.429036
2.67038	-0.00495081	0.410434
2.67857	-0.00585329	0.391491
2.68678	-0.00635081	0.373647
2.69555	-0.00716358	0.355431
2.70279	-0.0073376	0.336689
2.71112	-0.00642655	0.318882
2.7198	-0.00546884	0.300657
2.72809	-0.00542656	0.282822
2.73574	-0.00498725	0.264124
2.74421	-0.004282	0.246251
2.75307	-0.0043454	0.22787
2.76119	-0.00450295	0.209508
2.76898	-0.00361397	0.191317
2.77735	-0.00250002	0.172915
2.78085	-0.0023745	0.155012
2.79023	-0.00239451	0.154548
2.67205	-0.00363187	0.455101
2.68053	-0.00358629	0.436418
2.68827	-0.00348506	0.418665
2.69665	-0.004342	0.400309
2.70511	-0.00494266	0.38191
2.71352	-0.00556452	0.363792
2.7213	-0.00612776	0.345048
2.72993	-0.00592209	0.326937
2.73831	-0.00543689	0.308868
2.74627	-0.0053099	0.290755
2.75448	-0.00450872	0.272376
2.76216	-0.00373359	0.254036
2.77122	-0.00290369	0.236422
2.77838	-0.00273796	0.217463
2.78978	-0.00260325	0.213736
2.78314	-0.00241434	0.197645
2.7925	-0.00228548	0.201542
2.7874	-0.00172943	0.181459
2.79744	-0.0017798	0.180992
2.80398	-0.00186124	0.162568
2.69835	-0.00289865	0.444609
2.707	-0.00338738	0.426338
2.71492	-0.00395499	0.408446
2.72379	-0.00429563	0.39004
2.73177	-0.00434932	0.372519
2.74016	-0.00411044	0.354021
2.74822	-0.00431267	0.33503
2.75644	-0.00466216	0.317217
2.76428	-0.00468302	0.298761
2.77199	-0.00392119	0.280204
2.78311	-0.00392719	0.281559
2.77663	-0.00352807	0.261308
2.7865	-0.00345657	0.263505
2.78508	-0.00238175	0.242088
2.79384	-0.00256365	0.246391
2.79042	-0.00158281	0.226769
2.80068	-0.00140957	0.226162
2.80665	-0.00176717	0.207354
2.81449	-0.00214075	0.189131
2.82263	-0.00295425	0.17137
2.83133	-0.00389117	0.153017
2.71658	-0.00188289	0.453072
2.72517	-0.00321827	0.434362
2.73346	-0.00373568	0.416669
2.74225	-0.00326964	0.398686
2.75003	-0.00313024	0.379792
2.75733	-0.00283236	0.361785
2.76598	-0.00247477	0.343255
2.77523	-0.00309432	0.325332
2.77976	-0.00343205	0.306564
2.79032	-0.00307892	0.306122
2.78144	-0.00321372	0.292373
2.79198	-0.00324924	0.288415
2.79986	-0.00337962	0.270274
2.80782	-0.00263149	0.252469
2.81616	-0.00155554	0.234125
2.82485	-0.00217877	0.215963
2.83271	-0.00478883	0.197443
2.74303	-0.00176721	0.443106
2.75169	-0.00274704	0.424571
2.75899	-0.00288586	0.40663
2.76729	-0.002351	0.387661
2.77612	-0.00165731	0.369635
2.78445	-0.00106759	0.352121
2.79124	-0.00146888	0.335178
2.79699	-0.00228528	0.327336
2.80121	-0.00232832	0.315099
2.81004	-0.00217209	0.29705
2.81859	-0.00314855	0.279027
2.82699	-0.00396559	0.260451
2.83441	-0.0041317	0.241917
2.76146	-9.96909e-05	0.451357
2.77024	-0.00110352	0.433075
2.77832	-0.00169156	0.414363
2.78632	-0.0013737	0.396401
2.79533	-0.000634246	0.378791
2.80182	-0.000416637	0.360499
2.81125	-0.000738097	0.35552
2.8026	-0.000431414	0.343705
2.81279	-0.000834902	0.341349
2.82009	-0.00183755	0.323787
2.82819	-0.00282526	0.30536
2.83666	-0.00454123	0.286725
2.78807	0.000266764	0.441076
2.79585	-0.000820694	0.423123
2.80217	-0.000962238	0.404405
2.81161	-0.000741454	0.406638
2.8073	-0.000189085	0.383746
2.81607	-0.000491634	0.387399
2.82174	-0.00032592	0.368196
2.83023	-0.00163739	0.349559
2.83833	-0.00349148	0.331841
2.80671	0.00126882	0.449441
2.81238	0.000577596	0.431967
2.82117	0.000230811	0.429145
2.81414	0.000542883	0.419239
2.82393	-0.000877243	0.412599
2.83175	-0.0014172	0.394867
2.8401	-0.00195669	0.376061
2.83377	-0.000364903	0.439346
