2.43846	-0.80507	-0.0856892
2.44322	-0.839576	-0.085895
2.43929	-0.806072	-0.0396211
2.44232	-0.825238	-0.0403056
2.44517	-0.847371	-0.0404299
2.44728	-0.862969	-0.0405659
2.45144	-0.887439	-0.0411625
2.4534	-0.902503	-0.0411249
2.45697	-0.92667	-0.0414152
2.45876	-0.939909	-0.0414121
2.43899	-0.805984	-0.0531724
2.44241	-0.825663	-0.0529453
2.44478	-0.845561	-0.0534665
2.44775	-0.865665	-0.0535998
2.45109	-0.885061	-0.0533174
2.45374	-0.905067	-0.0528926
2.45631	-0.924682	-0.0532795
2.45977	-0.944469	-0.0529256
2.46345	-0.963991	-0.0537436
2.46688	-0.983754	-0.0544325
2.4692	-1.00362	-0.0540358
2.47311	-1.02321	-0.0556785
2.47642	-1.04308	-0.0562209
2.47962	-1.063	-0.0570375
2.48266	-1.08251	-0.0570672
2.48634	-1.10147	-0.0581545
2.48995	-1.12183	-0.0589681
2.49312	-1.1412	-0.059223
2.49634	-1.16079	-0.0600946
2.4992	-1.17644	-0.0604739
2.43936	-0.805726	-0.0748503
2.4429	-0.82564	-0.0750796
2.44515	-0.84532	-0.0749437
2.44833	-0.865176	-0.0753897
2.45168	-0.884929	-0.0748878
2.45428	-0.904661	-0.0751141
2.45733	-0.924477	-0.0746277
2.46086	-0.944224	-0.0743498
2.46371	-0.964022	-0.0748034
2.46657	-0.983826	-0.0747981
2.4696	-1.0036	-0.0748086
2.47304	-1.02335	-0.0747238
2.47601	-1.04309	-0.0745744
2.47914	-1.06282	-0.0746034
2.48286	-1.08253	-0.0743635
2.48569	-1.1024	-0.0741697
2.48942	-1.12176	-0.074098
2.49238	-1.14171	-0.073458
2.49575	-1.16146	-0.0738132
2.50033	-1.18109	-0.0730973
2.50467	-1.20063	-0.0741232
2.5075	-1.22053	-0.073728
2.51081	-1.23926	-0.0747643
2.51587	-1.2536	-0.0776244
2.44015	-0.806514	-0.0865491
2.44285	-0.825741	-0.0867725
2.44584	-0.848028	-0.0867174
2.44878	-0.865005	-0.0873266
2.45158	-0.885228	-0.0875126
2.45457	-0.904698	-0.0879453
2.45791	-0.925289	-0.087839
2.46118	-0.944363	-0.0885448
2.46388	-0.963791	-0.0894561
2.46647	-0.984025	-0.0892373
2.46955	-1.00352	-0.0896639
2.47256	-1.02291	-0.0899296
2.47575	-1.04315	-0.0905568
2.47892	-1.06298	-0.0911231
2.4394	-0.804624	0.00679625
2.443	-0.826544	0.00576677
2.44471	-0.846386	0.00610618
2.44821	-0.864979	0.00532796
2.45206	-0.885144	0.00456383
2.45479	-0.905274	0.00471727
2.45737	-0.92335	0.0041203
2.46122	-0.945494	0.00364245
2.46381	-0.962391	0.00296443
2.46695	-0.984342	0.00260543
2.43967	-0.806112	-0.00914018
2.44261	-0.826269	-0.00895285
2.44495	-0.846009	-0.00974313
2.44845	-0.865597	-0.00929428
2.45261	-0.885028	-0.00876129
2.45523	-0.904857	-0.0088871
2.45779	-0.92504	-0.00892992
2.4612	-0.944539	-0.00880375
2.46462	-0.964121	-0.00911739
2.46742	-0.984174	-0.00887744
2.47003	-1.00395	-0.00937934
2.47321	-1.02354	-0.00997908
2.47657	-1.04296	-0.0097362
2.48108	-1.06256	-0.0112592
2.48437	-1.08245	-0.0121942
2.48763	-1.10256	-0.0126094
2.49055	-1.12168	-0.0128352
2.49406	-1.14077	-0.0142174
2.49775	-1.16217	-0.0148489
2.50037	-1.17988	-0.0152163
2.50363	-1.19469	-0.0166233
2.43938	-0.806142	-0.0285981
2.44264	-0.826298	-0.0293939
2.44533	-0.84527	-0.0294371
2.44884	-0.86557	-0.0298429
2.45232	-0.885029	-0.0296795
2.45467	-0.905216	-0.0298614
2.4572	-0.924399	-0.0304296
2.46045	-0.944821	-0.0308189
2.46378	-0.964416	-0.0311506
2.46669	-0.983952	-0.0309633
2.46967	-1.00373	-0.0313254
2.47339	-1.02368	-0.0305173
2.47698	-1.04325	-0.0301858
2.48084	-1.06289	-0.0300391
2.4841	-1.08245	-0.030225
2.48744	-1.10235	-0.0298732
2.49023	-1.12218	-0.0297278
2.49399	-1.1418	-0.0294654
2.49792	-1.16142	-0.0289446
2.50071	-1.18117	-0.0289821
2.50466	-1.20103	-0.0288788
2.50837	-1.22021	-0.0293149
2.51304	-1.23932	-0.0305819
2.51785	-1.25349	-0.0328196
2.46417	-0.966468	-0.0429948
2.46696	-0.985089	-0.0435732
2.46941	-1.00395	-0.0432134
2.47366	-1.02367	-0.0445301
2.47706	-1.04328	-0.0450366
2.48023	-1.06283	-0.045802
2.48312	-1.08319	-0.0460898
2.48709	-1.10281	-0.047156
2.49012	-1.12219	-0.0478407
2.49413	-1.14201	-0.0484903
2.49739	-1.16121	-0.0488295
2.50116	-1.1816	-0.0500884
2.50512	-1.20085	-0.0508843
2.5079	-1.22041	-0.0506971
2.51233	-1.24006	-0.0499303
2.52036	-1.25768	-0.0483418
2.5055	-1.20193	-0.0631896
2.50772	-1.21979	-0.0632219
2.51199	-1.242	-0.0640435
2.52107	-1.25986	-0.0676502
2.43973	-0.805473	0.0522167
2.44339	-0.826073	0.0517515
2.44623	-0.846079	0.0516451
2.44941	-0.86536	0.0505766
2.45279	-0.886417	0.0498941
2.4551	-0.906202	0.0504667
2.4576	-0.924989	0.0508599
2.46121	-0.944022	0.0494571
2.4646	-0.964312	0.0490291
2.46799	-0.984217	0.0481617
2.47044	-1.00431	0.0484547
2.47323	-1.02097	0.0478424
2.47662	-1.04089	0.0469503
2.43969	-0.806077	0.0346373
2.44283	-0.825857	0.0348074
2.44573	-0.845603	0.0350879
2.44936	-0.86554	0.035252
2.452	-0.885438	0.0351888
2.45514	-0.905291	0.0351453
2.45839	-0.925162	0.0351102
2.46146	-0.944929	0.0350627
2.46445	-0.964556	0.0350275
2.4678	-0.984261	0.03518
2.47063	-1.00402	0.0352175
2.47431	-1.02378	0.0352978
2.47795	-1.04349	0.0356674
2.48122	-1.06315	0.0346154
2.48423	-1.0827	0.0335586
2.48758	-1.10246	0.0327531
2.4911	-1.12228	0.0323266
2.49463	-1.14221	0.0317448
2.49813	-1.16093	0.0310077
2.50223	-1.18128	0.0303522
2.50541	-1.19954	0.0295667
2.50916	-1.21975	0.028189
2.51136	-1.2337	0.0278529
2.43931	-0.806782	0.0170519
2.44259	-0.825415	0.0163593
2.44569	-0.845924	0.0174533
2.4492	-0.865904	0.0166169
2.45231	-0.88558	0.0156329
2.45478	-0.905287	0.0160288
2.45821	-0.925326	0.0152562
2.46145	-0.944686	0.0142054
2.46474	-0.964505	0.0138524
2.46753	-0.984117	0.0136328
2.47066	-1.004	0.0135283
2.47408	-1.02363	0.0135759
2.47779	-1.04323	0.0139513
2.48145	-1.06284	0.0142195
2.48432	-1.0828	0.0139148
2.48716	-1.10269	0.0140786
2.49039	-1.12268	0.0141996
2.49444	-1.1419	0.0143571
2.49867	-1.16164	0.0152636
2.50261	-1.18141	0.0157515
2.50582	-1.20093	0.0158452
2.50921	-1.22084	0.0161065
2.5132	-1.2399	0.0158838
2.51882	-1.25407	0.0127878
2.47075	-1.00196	0.00190568
2.47443	-1.02367	0.0011485
2.47764	-1.04601	0.00113272
2.4813	-1.06395	-0.000243424
2.48471	-1.08306	-0.00098392
2.48738	-1.10239	-0.00147725
2.49034	-1.12259	-0.00199517
2.49492	-1.14246	-0.00343701
2.49846	-1.16173	-0.00382419
2.50194	-1.18162	-0.00385827
2.50591	-1.20123	-0.00575033
2.5096	-1.22055	-0.00594862
2.51361	-1.24008	-0.00551358
2.5213	-1.25785	-0.00409687
2.50989	-1.22246	-0.0183066
2.51376	-1.24142	-0.0197238
2.52256	-1.26008	-0.0231146
2.52637	-1.26546	-0.0392377
2.44061	-0.806453	0.0976745
2.44419	-0.826742	0.096893
2.44707	-0.846155	0.0968089
2.45092	-0.866334	0.0961224
2.45352	-0.885603	0.0969247
2.45647	-0.904778	0.0963226
2.45968	-0.925253	0.0948625
2.46252	-0.944938	0.0950765
2.46512	-0.964043	0.095013
2.46854	-0.984432	0.0939636
2.47205	-1.00375	0.0935117
2.47558	-1.02163	0.0921086
2.47835	-1.04474	0.0923706
2.4813	-1.06284	0.0920084
2.48305	-1.07388	0.0914356
2.44074	-0.806315	0.0789413
2.44392	-0.826399	0.0792909
2.44674	-0.846274	0.079113
2.45031	-0.865698	0.0795705
2.45343	-0.885649	0.0793686
2.45623	-0.905501	0.0790794
2.45896	-0.92524	0.0793542
2.46188	-0.945026	0.0793808
2.46511	-0.964745	0.0791883
2.46802	-0.98455	0.0793632
2.47148	-1.00425	0.0793801
2.47526	-1.02391	0.0794878
2.47814	-1.0437	0.0798828
2.48109	-1.06356	0.0797594
2.48499	-1.08264	0.0796175
2.48907	-1.10263	0.07888
2.49216	-1.12246	0.0782129
2.49564	-1.14122	0.0771023
2.49976	-1.16178	0.0755335
2.50284	-1.18212	0.0756355
2.50566	-1.20111	0.0756416
2.50965	-1.22024	0.0744258
2.5134	-1.23621	0.0726507
2.44044	-0.806824	0.0633099
2.4435	-0.826236	0.0627512
2.44639	-0.846294	0.0626493
2.45021	-0.86634	0.0614736
2.45315	-0.884996	0.0611833
2.45524	-0.904705	0.0614747
2.45783	-0.925294	0.0618722
2.46161	-0.945345	0.0605312
2.46483	-0.96478	0.0600719
2.46824	-0.984447	0.0590671
2.47092	-1.00427	0.0597356
2.47429	-1.02436	0.0584039
2.47799	-1.04375	0.0578823
2.48135	-1.06314	0.0581022
2.48506	-1.08319	0.0583406
2.48899	-1.10268	0.0588307
2.4921	-1.12228	0.0589017
2.49505	-1.14224	0.058925
2.49902	-1.16177	0.0593317
2.50322	-1.18151	0.0595083
2.50648	-1.20113	0.0597449
2.51032	-1.22078	0.0599465
2.51473	-1.24025	0.0604405
2.52015	-1.25529	0.057974
2.48228	-1.06551	0.0453216
2.48539	-1.08365	0.0450261
2.48858	-1.10282	0.0443943
2.49164	-1.12209	0.0437101
2.49491	-1.14194	0.0430469
2.49913	-1.16212	0.0419206
2.50263	-1.18145	0.041115
2.50619	-1.20163	0.0402149
2.50995	-1.22098	0.0393326
2.51396	-1.24059	0.038986
2.52242	-1.25857	0.0408513
2.5155	-1.24704	0.0262989
2.52431	-1.26073	0.0216723
2.44155	-0.806606	0.123134
2.44498	-0.826371	0.123344
2.4481	-0.846189	0.12314
2.4507	-0.866151	0.123574
2.45344	-0.885764	0.123255
2.45644	-0.905614	0.123083
2.45958	-0.925292	0.122822
2.46229	-0.9452	0.123169
2.46562	-0.964987	0.122907
2.46837	-0.984782	0.12304
2.47227	-1.00444	0.123127
2.47579	-1.02408	0.123816
2.47879	-1.04392	0.12336
2.48323	-1.06362	0.124203
2.48593	-1.08324	0.124217
2.48928	-1.10298	0.124333
2.49258	-1.1225	0.124088
2.49648	-1.14203	0.123491
2.50032	-1.16153	0.122158
2.50395	-1.18153	0.12113
2.50699	-1.20123	0.121316
2.51112	-1.2204	0.119261
2.51461	-1.2389	0.118181
2.51763	-1.25097	0.11681
2.44094	-0.806691	0.109033
2.4445	-0.826229	0.107808
2.44774	-0.846064	0.10759
2.45083	-0.86571	0.106559
2.45313	-0.885979	0.107735
2.45653	-0.906089	0.106993
2.45985	-0.925234	0.105741
2.46242	-0.945056	0.10569
2.46549	-0.965473	0.105626
2.46854	-0.984752	0.104841
2.47218	-1.00455	0.104093
2.47596	-1.02434	0.1031
2.47847	-1.04361	0.102972
2.4821	-1.06351	0.103503
2.48614	-1.08327	0.102628
2.48873	-1.10297	0.10226
2.4922	-1.12285	0.102439
2.49649	-1.14223	0.103314
2.50058	-1.16193	0.103845
2.50367	-1.18156	0.104004
2.50701	-1.2012	0.103941
2.51104	-1.22098	0.104468
2.51489	-1.24057	0.104592
2.52045	-1.25486	0.103875
2.48716	-1.08868	0.0899868
2.48945	-1.10315	0.089349
2.49241	-1.12276	0.0889559
2.49677	-1.14364	0.0877555
2.50045	-1.16192	0.0867761
2.5032	-1.18127	0.086659
2.50637	-1.20138	0.0866381
2.51009	-1.22141	0.0857005
2.51455	-1.24079	0.0834174
2.5235	-1.25862	0.0847891
2.51675	-1.24746	0.0713408
2.52473	-1.26153	0.066829
2.51494	-1.24122	0.128198
2.52338	-1.25914	0.12869
